805.280615316329,93.5631061025967
799.3458115753466,101.59645870509651
794.4499402530887,110.3143995334872
790.4589215006828,119.47040844392778
787.2537658526879,128.94541433357156
784.7619581757947,138.62270078339307
782.9187241396166,148.45559348249398
781.6827600264805,158.38126803361587
781.0207150629036,168.3413761721066
780.9041246779044,178.3487057236604
781.3151440137257,188.34874993577807
782.2351487752869,198.29517163132877
783.6527408536847,208.19414292164163
785.5535557202538,218.00326152413433
787.9337156202064,227.73075675411803
790.7712364977807,237.30884465357462
794.0613005158209,246.742414464494
797.8477985926174,256.005746608207
802.2472400454457,264.98280461239955
807.35402544706,273.57770551027863
813.2193687035912,281.6623699102796
819.8395258319009,289.1641216259765
827.0601488635094,296.06634900048374
834.677154708545,302.5723229553928
842.3473463352045,308.9605582458065
849.810528362058,315.6318722028987
856.748450205569,322.8179886061406
862.9901695310718,330.6431086456315
868.4277459284331,339.0182638279521
873.1060271459588,347.8500359360837
877.105701331783,357.01715025422914
880.5323140641436,366.4096404840177
883.555116932227,375.9460979491909
886.2245845899124,385.57469925046263
888.5766755980312,395.3007486827913
890.630925402964,405.0828812008668
892.4149592680932,414.9308542127609
893.9438211602501,424.8047738219438
895.2386821029744,434.71432166881675
896.3164080566761,444.666877854558
897.1878078865991,454.6328147954051
897.8644726311564,464.59415823018554
898.3594776867824,474.58839768817745
898.6796045292999,484.5763026668121
898.8331201043704,494.59238864362635
898.8251152444194,504.58325385557305
898.6601667371897,514.5810133133913
898.3402855869892,524.5777762493781
897.8647202503624,534.5723487159364
897.22937682274,544.5456432211159
896.4191093994784,554.5024846625454
896.0089774395228,564.3907701494694
899.7431651869788,573.6563849838549
904.001631005339,582.6967626832286
908.8979891933036,591.4204212052439
914.7128172749293,599.5498979412162
922.0767968172145,606.2530373444506
931.5958030012753,608.2979909447812
939.8204347394724,602.8980526554176
945.3750385427504,594.6104095932267
949.5003336757246,585.5001529384054
952.7990856790145,576.0646786866007
955.5580727553281,566.4618513906669
957.9382121565443,556.7328118394005
960.3473899169118,547.0279787426034
962.4270539013833,537.247355987957
964.1613734052661,527.4161715413428
965.5572756604628,517.4994970289642
966.6082431270389,507.55906259452235
967.3204620440337,497.5794501383595
967.6967165201613,487.6027844452787
967.7443537536046,477.5948509539011
967.4694452905748,467.59767371668164
966.8804030377341,457.61512029928974
965.9858990460621,447.6511355310802
964.7973606080951,437.72826608825864
963.322526582619,427.8318451542289
961.5743007414831,417.98430595855007
959.5637690951368,408.18948150479156
957.3021556109982,398.4512441170387
954.800822868222,388.77350561951766
952.0712727136842,379.16021751655313
949.1195235431817,369.5978426898044
945.9622694337925,360.1082800182049
942.6115041190403,350.69562184429685
939.0727418169373,341.34700266815787
935.35049511445,332.05036195367745
931.4700262584463,322.8443425765335
927.4292977218898,313.7004606694119
923.2323238928072,304.6081737796262
918.9062488705099,295.6058556789886
914.4402169886723,286.65155433397763
909.8544831356519,277.76825260992905
905.1540429109714,268.9476971454233
900.3441527014611,260.18286695705456
895.4306076247019,251.46807671890684
890.428471849796,242.8135172911017
885.3370954572308,234.20150497866283
880.1740614958144,225.64486489764832
874.9334659769302,217.11646606697087
869.6369739850163,208.63329215455053
864.2923012352046,200.18755539973876
858.9029341400169,191.76287640307055
853.4778669065527,183.3487007958045
848.0481850225401,174.9642496080965
842.6078757160644,166.56536234883458
837.1942834976658,158.16618805262743
831.8199649195255,149.72934417402962
826.5265167885493,141.24173782220137
821.3723361695274,132.6829424553701
816.4271190930724,123.98631595059165
811.8468773774732,115.10028264276545
807.926680393608,105.90457462350636
805.4510839989225,96.24451616661548
#
513.0776129984592,976.637999965121
523.0705038369359,976.5271306045532
533.0592346638574,976.1940979104351
543.0461445587465,975.6375632161916
553.0169047064994,974.8572296883729
562.9682858186321,973.8526038320773
572.896990772726,972.6232439366415
582.778156987372,971.1721671444147
592.6515040027725,969.4926983341829
602.4707058468471,967.5918336644497
612.2327054064947,965.4707420481062
621.9552301895222,963.125349584401
631.6139660123267,960.5612483049171
641.2261769910947,957.7735313559056
650.767811876558,954.7687925471508
660.2356030261959,951.5483838962693
669.626247214078,948.1136891262006
678.9364054480139,944.4661238493759
688.1627027863126,940.6071357522803
697.2825619601117,936.5469997026896
706.331102704185,932.2700564814493
715.2667556920126,927.7958482623346
724.1051857054495,923.1171427880181
732.842854609077,918.2355355768219
741.458256125502,913.1634864692162
749.9662414045645,907.8926090586704
758.345786751962,902.4361905912285
766.5940595268946,896.7970841387913
774.7250597820747,890.9657827462227
782.7185426712774,884.9567642218417
790.5716577384037,878.7728995813451
798.281554527355,872.4170598404296
805.8610186740686,865.8783191204664
813.2756136607243,859.1867981870458
820.553434762026,852.3174415165367
827.6759775399992,845.2869350378352
834.626030868745,838.1133068954703
841.4297503918284,830.7694885920785
848.0559318606942,823.2889553831808
854.516067599203,815.6594391745153
860.8073071512559,807.8838109817789
866.9268000607544,799.964941820668
872.8594686642206,791.9226720671205
878.6154357739412,783.7434709168408
884.1803919448222,775.4477212123284
889.5637494843564,767.0212887963681
894.7626934926577,758.4670088719863
899.7641001342706,749.8060410137911
904.5663560409557,741.0419783635728
909.1773851416899,732.1595548043557
913.5807675740037,723.1901636701127
917.7886135387309,714.1087132739233
921.7857837581516,704.9472618273243
925.5753588786312,695.6997067266229
929.1559044936638,686.369440187367
932.5329853025441,676.9396512259971
935.6908557936194,667.4537920480684
938.6355784408827,657.8951884333753
941.3602102214504,648.2878448070071
943.8726053483593,638.6041173054534
946.1637578392347,628.8785747317024
948.2402382375627,619.0829341928065
950.0925869646246,609.2629361794588
951.7267684964153,599.3899355397753
953.1374063380248,589.499576588192
954.3291539463116,579.5626150944629
955.2981466357801,569.6150343264858
956.0462845764796,559.6492182735063
956.5745569461524,549.6572070472415
956.8823585541215,539.6643893276508
956.9710211935044,529.6631956332676
956.8408568446677,519.6602634561548
956.4913169524413,509.66677285537014
955.9217938555676,499.6858045000447
955.1317294269484,489.7205053900377
954.120615773462,479.7740895596914
952.8879959388969,469.8498387847191
951.4334646100032,459.95110329222945
949.7605553451419,450.1027247740034
947.8638359011265,440.2758090814326
945.7495752892696,430.5057812205868
943.416312850163,420.7852738125942
940.8617146740582,411.10732351681935
938.091845550003,401.4961956145387
935.1079907199578,391.95510691293134
931.9114664799382,382.48730957741213
928.496137368057,373.0761728532873
924.8779195074336,363.76507281765026
921.0428374410867,354.51776058405636
917.0085878118293,345.37682046914466
912.7687322815008,336.32598198317027
908.3247773791301,327.368713371642
903.6782619699158,318.5085195276321
898.8411399557643,309.76721753488175
893.7946445164996,301.1115751749961
888.5727248100841,292.59923589222126
883.1562543788314,284.1972637700841
877.5469055947852,275.9093103480243
871.7586787603598,267.75597870394535
865.7944109489911,259.7401218724986
859.6439197651168,251.8482659756242
853.3223541337666,244.10019666422065
846.8325689715533,236.49878491650114
840.1633543723827,229.03150295731965
833.3453586159052,221.73234043654767
826.3529819278863,214.57370466727522
819.2031619654815,207.57388339971428
811.9141477297852,200.7498416191948
804.4583727723286,194.0759704414801
796.8537670587576,187.56957473729113
789.1195001650525,181.24656447529281
781.2427377908032,175.0960805493552
773.2094550731617,169.10870532625964
765.073146267124,163.32417561851523
756.7860269509207,157.7084965700394
748.3855408969391,152.28797370315917
739.8573628204307,147.05354661182167
731.2225607303399,142.01842450953183
722.4847270533949,137.18425027508323
713.6193264354556,132.53831495557068
704.6572516589346,128.09775403708528
695.5924133498618,123.85977819917483
686.4473719329319,119.83484548641809
677.2062578814567,116.01596239040214
667.8721509273357,112.4052493490091
658.4681827477822,109.01179423540819
648.987868094328,105.83307997863312
639.4345094695527,102.87048680854537
629.8320301150775,100.13100213467912
620.1425322284144,97.6042069287626
610.410695753214,95.30219794552778
600.6401951234716,93.22482988103707
590.8132810100853,91.36811812465092
580.9545206190435,89.73653724967625
571.0457305815969,88.3269559360789
561.1116918339312,87.14281521239445
551.1557638483989,86.18371911265709
541.1812374982484,85.44921920375498
531.2024429895223,84.93925825263105
521.2115518101126,84.65234797649514
511.2027052551041,84.5879274400267
501.21381825521553,84.74564542121598
491.2129903078927,85.12682694404617
481.22574729268155,85.73194670611348
471.27716847032394,86.55946321003468
461.3265799647199,87.6135091984307
451.3993339606631,88.89292667831025
441.52026672113,90.39457812132908
431.6710715542448,92.12134579215413
421.85526109546487,94.07350458536634
412.0973613472386,96.24635967902402
402.40048770339826,98.638694124251
392.74721271284517,101.25508968557548
383.16168260000524,104.08933938190256
373.6269487741374,107.14684696556972
364.18686379039707,110.41324208632759
354.80458008775645,113.90102608223566
345.52320389247313,117.59399681394166
336.3068023765628,121.50634007358377
327.19768639876384,125.62006023731887
318.17975524838084,129.9416809211494
309.2564996529754,134.46965313871462
300.44982382276913,139.1922707036944
291.7444063078909,144.1172405981098
283.161691454808,149.23201003739933
274.6869023564317,154.54505294857344
266.3409989984357,160.04299183177713
258.10977395961606,165.73504522746904
250.01367821943757,171.60703295266632
242.05556661954662,177.6560839729306
234.23020858769027,183.88591334131357
226.54884750931595,190.28741878375064
219.0065682001225,196.86465856183807
211.62957137696125,203.59393775262836
204.38992315661034,210.5004695154455
197.3060544114572,217.56748838499325
190.39509852772213,224.77689219997782
183.63106751337094,232.1558988154401
177.04500464135324,239.67088633911786
170.62550412610602,247.33419684443612
164.37542080927585,255.1429592969568
158.29760953250923,263.0943026622415
152.40706366589313,271.16832081539036
146.69375122448875,279.3786130254699
141.17189509104713,287.70473344871215
135.83217596785713,296.1608819540446
130.67741308564803,304.744223319933
125.72064026574412,313.43353908508107
120.96347173321927,322.22524019813125
116.40748898667998,331.11577464937886
112.04524380707394,340.120743616058
107.88808226498763,349.2180160790002
103.93750348920183,358.40413112465103
100.19497447304043,367.6756642867459
96.6619302582817,377.0292273613563
93.33977411868011,386.4614682223264
90.2298777430986,395.96907063710256
87.33956058499487,405.52814412909305
84.65772316988043,415.1764749129998
82.1971433233791,424.86945723735323
79.95769282463112,434.6033878190645
77.93503185119128,444.3959615710114
76.13031933318302,454.24410926263323
74.54951323366721,464.1123232416376
73.18883300575447,474.0187191524031
72.04861187736294,483.96013725822445
71.13093105399174,493.91138319222233
70.43393721159428,503.88010660385277
69.95668940440018,513.8742980725043
69.69950676353473,523.8797899434953
69.65539282715072,533.8799063694539
69.81704938973787,543.8685984107344
70.19907090876187,553.8691946817145
70.80114030009022,563.8449951991381
71.62410856754812,573.8040553302797
72.66974399668521,583.7540921970497
73.93769480537067,593.68073696034
75.42660149131876,603.5698478066839
77.13411421072617,613.4075392333766
79.0679782003805,623.2332847582795
81.22004373557499,633.0009084187996
83.58911615115377,642.7073214608797
86.17976688155338,652.3700868647179
88.98583826517103,661.964974264624
92.00602921694846,671.488772587189
95.24613468409161,680.958323272261
98.69853180673448,690.3498331915533
102.35381901932706,699.6403091427113
106.22611272085706,708.8659185799804
110.30637698248212,718.0033780367257
114.58385516309107,727.030278116922
119.07509897982548,735.9813123526468
123.75963739436824,744.815288724727
128.6346692003911,753.529420592844
133.719102772973,762.1568328628935
138.97873259351596,770.6400697735494
144.4444511967021,779.0293714443652
150.09169438338844,787.2859865551351
155.91760753583907,795.4070753318667
161.93207424877514,803.4063512334482
168.10712232983008,811.2475696336442
174.47917262938932,818.9766355460861
181.00605915455924,826.5419286888357
187.71214845756438,833.9721663458856
194.5666209287871,841.2335265859075
201.59521091145842,848.353457661985
208.78088648942128,855.3137633028566
216.12075706278415,862.111567939479
223.5961701378357,868.7303523434033
231.235452711685,875.1948817788359
239.00389686941935,881.4753580987057
246.9310531199754,887.5951340073689
254.98101407478737,893.5258478307823
263.1672747965247,899.2775733297436
271.46945685232333,904.8360161335328
279.9016549603002,910.2105316854773
288.4610145027194,915.3982802115854
297.1263864242213,920.3861654670768
305.89416435133353,925.1725618304162
314.77956725395353,929.7653202965201
323.7607498212691,934.1526085004782
332.85345535071457,938.3414924099361
342.015915766788,942.3128207612267
351.2834183430684,946.0818972616776
360.6332819079502,949.6386534647986
370.06211939735294,952.9816613520297
379.5462581875868,956.103092304616
389.1228327331945,959.0148967400488
398.747738971142,961.7033351229561
408.4380735718381,964.1735525001268
418.190646763471,966.4242924401335
427.98107397647163,968.4501879909444
437.8057458692696,970.2514574077331
447.68267380693356,971.8315712113545
457.5871421039468,973.1867031931394
467.53758003466845,974.3194604031617
477.4870890703455,975.2253051395847
487.47620885230356,975.9086944998037
497.4576223781191,976.3671341813625
507.4501712911409,976.6029518115504
#
845.6679717586782,805.6409581509224
837.3819267475702,811.238408125409
828.8860989284867,816.4897791693803
820.168813620194,821.401826361345
818.23811510404,819.8543185234395
823.7548032673518,811.524767539273
829.1617535272039,803.1034929309022
834.4387311196681,794.6220780030628
839.6039649904709,786.0512531506979
844.6470500360712,777.4075286976531
849.5584595263246,768.7079391895147
854.5572388652546,760.0763433335437
861.180876362631,752.5860051618953
867.605222735453,744.9103410523921
873.6953161489251,736.9930339088828
879.3432051374017,728.7265230697021
884.4982499999999,720.1703749999999
889.3676606881579,711.4240546397128
894.1122350438038,702.6306893986138
898.6683176955498,693.727657125933
903.0003068974632,684.7287633390577
907.1328950004402,675.611249957913
911.0600961973213,666.4062092408391
914.7802143478393,657.1312392311097
918.3025992649876,647.7696483261565
921.62074592313,638.3392915458786
924.7334368828339,628.840382142225
927.6394960380567,619.2671753073065
930.3303478896457,609.6338694050849
932.7980340149256,599.9521244859536
935.0405651622414,590.2055515728841
937.0486686160525,580.4005783143355
938.808325585465,570.5685940825939
940.3150532139337,560.6873840613863
941.5579595081992,550.7595087288732
942.5240269769365,540.8002445082873
943.200617585933,530.8245179622302
943.5757696341594,520.833255916517
943.6526920255689,510.83236213779384
943.5019362593661,500.83579350810584
942.9638695663633,490.8591380954095
942.0381092870318,480.9000019039817
940.7262823374035,470.98335498652136
939.0295432916398,461.1204657550734
938.4570421476363,459.8534271821976
938.909985948758,463.43091852145506
939.9059522834567,473.3901544839194
940.5783184988094,483.36016302369916
940.9034226640415,493.3571745518901
940.850322999165,503.36296547113324
940.3850983322058,513.341017555573
939.4670122681019,523.2959733922906
938.0473651813842,533.2109021354539
936.0815498129657,543.0063637053368
933.5082304986622,552.6684905500783
930.2724578627683,562.1215603660271
926.3076108222788,571.3108531770033
921.5323725013732,580.0843302612304
923.0448635577656,571.1076158372651
924.6997730194624,561.2475673226198
926.1401617635745,551.3580319638692
927.359966341834,541.4329399675514
928.3505442670512,531.4833435622809
929.1049663335049,521.5014398640672
929.6135854106515,511.5156795872859
929.8692984496107,501.5359912169791
929.8650018426405,491.53429437297217
929.5922933558971,481.53814377939653
929.0425565453725,471.53725071073217
928.2109296513406,461.5779266744146
927.0900802419296,451.64941773828957
925.6707839360186,441.74050493714975
923.9526634970885,431.8970117050434
921.8239976530324,422.12295543182273
919.1638370235887,412.4953332159258
916.235577264604,402.9361211334728
913.1218471125301,393.41490452032133
909.8775103497981,383.9578318516095
906.5239447195388,374.5428154532175
903.075616802282,365.15597205857523
899.5480976136655,355.80112006113984
895.9488850359164,346.46931476497696
892.2908350682168,337.1713741868289
888.5710244573169,327.8821830403868
884.669005286683,318.67355865405256
880.3714834334402,309.65424775583375
875.687806388499,300.803073889919
870.6647037849808,292.1597100130199
865.326436261286,283.7180265722032
859.6872004315342,275.46018409016756
853.7702279398518,267.3855517444433
847.6104069824216,259.5085258789062
841.2245970724289,251.81947158679543
834.6211582677528,244.30161724261075
827.8331595367918,236.96760315678205
820.8571430794372,229.79081882695846
813.7298651295616,222.78751838439769
806.9240731589887,215.47640191105668
800.4973429705209,207.82864808655617
793.9169340055583,200.290199596703
787.2141699280737,192.88344199609753
780.3764837439879,185.57540937403317
773.4448702272036,178.38159367984946
766.4147747825243,171.25225832229654
759.3538455471653,164.1772377112539
752.3342665265177,157.0679377646859
745.4929939515059,149.76461729432359
738.8979930951859,142.24561340643527
732.5847361305349,134.48328066942398
726.6267552981316,126.47105481559953
721.0744553836391,118.13793580727263
716.0655240121358,109.48558075195254
711.7576876634796,100.46499953842624
706.7405629320596,92.2176536520512
699.2969509793362,85.5485039460334
691.9551754234021,78.75470780438738
684.6509283294677,71.93413867950436
677.347818486601,65.10116920940574
670.0308851107544,58.27680082572061
662.6750308009446,51.48828899850576
655.21483010168,44.84054152424836
648.9005470376806,48.06879827688243
643.5655970723377,56.517254424630934
638.3570475632282,65.054100751786
633.3015140546596,73.68671733219536
628.4174898315946,82.41571400339656
623.7194796841383,91.24192531002306
619.2171931518292,100.173881109446
614.9261858965281,109.2096822782956
610.8631873900904,118.34568254540939
607.0441929709856,127.58139299600566
603.4815217973182,136.92952853859057
600.2028709126264,146.36576474186285
597.2183940510103,155.91934222856366
594.5594358221167,165.56068608156806
592.2508839568518,175.27879915473747
590.3114575592137,185.09965177016176
588.7754712852718,194.9834137913811
587.6714440046187,204.9077786921717
587.0249623213929,214.88674025538813
586.8667736518064,224.88246449152385
587.2241998762046,234.87514250827837
588.1234811065563,244.84557012896266
589.5834195019095,254.73922657114622
591.6171724396922,264.5203111205037
594.2370761084602,274.1720788710483
597.4431394349056,283.64729966561214
601.1991172122424,292.9089335791169
605.440068916536,301.9535132107196
610.1188954092021,310.79019801620296
615.1939696297402,319.4149427231091
620.6229725451319,327.80969782473886
626.3914062505625,335.9881332004452
632.4591387423247,343.91717320821306
638.8361927866747,351.6218850245267
645.503044426037,359.0786771151806
652.4545236042502,366.2741147592099
659.6739751478738,373.1759886328641
667.1855482122648,379.7819642235488
674.9869540595664,386.05219720566186
683.0734325032371,391.93475512749836
689.9220624999999,399.09585937499986
695.4538832626342,407.40201313161845
700.33292821078,416.12910199266946
704.6386192904059,425.1623148819204
708.4134899111837,434.41298819164086
711.7064769989718,443.8564970341241
714.5474796939424,453.4534578009583
716.9592336265036,463.1552240613426
718.9728404653716,472.9500121737346
720.6526822410012,482.80182933983286
721.9962363900659,492.716997196897
722.9655041746569,502.67278361034323
723.5309110924902,512.6573488710942
723.6718987281042,522.6491236637287
723.3793464410704,532.6502067087024
722.6586622036007,542.6098303809412
721.5240726004869,552.5471670835102
720.0023617952596,562.4389173776731
718.1321480240744,572.2518082468797
715.9444132056117,582.0178343045519
713.4855137957618,591.7013512383796
710.7848012247181,601.335892324199
707.8812478022818,610.907660760557
704.8079022386969,620.4160472742527
701.4664578193256,629.8296322222503
696.8946313008936,638.7338223034786
691.8138064129112,647.3383201193694
686.2722354751959,655.6651402150438
680.3262555600381,663.7005458001103
674.0068384117162,671.4524102805308
667.3496168195769,678.9104286109791
660.3658366970512,686.0823096722901
653.0948769939944,692.9392030203501
645.5361686876804,699.4856825704013
637.7024544916593,705.7058339074752
629.6139638008452,711.5733913247304
621.268954324423,717.0731793149896
612.6633676731502,722.183056011363
603.8354691041704,726.8509263673575
594.7486074247956,731.0585640369058
585.4541130432156,734.7367808080905
575.9620319946667,737.8319173972257
566.2624837127328,740.2854049740433
556.416121805189,742.0113991989788
546.4703106754217,742.9911413729592
536.4763982202828,743.5756190686536
526.4758898917161,743.8146952939823
516.48237989278,743.6897948179991
506.49318380566126,743.1811038042857
496.5322405944516,742.2688832399707
486.6276305237811,740.9352640013162
476.7942695273181,739.1617031580812
467.0387179949824,736.9270010176161
457.4107294466326,734.2205571534232
447.93594111997277,731.0293037383125
438.6396155361841,727.3410545116615
429.5648336206308,723.1528815127695
420.7396921875716,718.4580389745213
412.2055258164213,713.257861058459
403.99600570549745,707.5496536364519
396.1644549289027,701.342097289911
388.7460475031162,694.6199157616004
381.8413433008194,687.3988858857156
375.57440984259546,679.6090579133258
381.083598622676,680.086078754752
390.6130480407288,683.0950102165147
400.31761145014246,685.5388650158195
410.1330370818168,687.4060372928775
420.0605818481069,688.6967405349071
430.0279194493483,689.3967490419942
440.0255006632966,689.4955317050725
450.0017142509543,688.9740322162888
459.9274778721215,687.8055993980289
469.75813419568476,685.9528516012876
479.41492216952327,683.3723806642931
488.8245736307849,680.0038492788759
497.8797092442699,675.773098705669
506.48557200747143,670.6685625353821
514.9535654015436,665.3459738311119
523.4175101287425,660.0304370447722
531.9604371619708,654.8344004130569
540.7031651147303,649.9720157586423
549.8232079964201,645.890818884319
559.5289345722053,643.6061700452619
569.337973334748,645.0179547959552
579.1694687500001,645.2184374999999
586.828736105712,639.1181483642929
589.2605943110611,629.5701837463607
586.7610361544462,619.9556336481761
581.2690057022298,611.6178816539311
574.6587418595552,604.1355950565277
567.1357795192954,597.5435831233524
558.839223623265,591.9654927466808
549.9114770683681,587.490346094812
540.4859768018531,584.1821341606878
530.7005622347332,582.0945267930971
520.7511419075378,581.2708286207156
510.7668825815256,581.7202780619904
500.9099800037718,583.3675083166308
491.2636043647319,585.9726955978284
481.77413274594386,589.1194648505913
472.3007920667329,592.3690583372629
462.75394582602223,595.2975157545674
453.00068736235625,597.5137714958965
443.0697405763674,598.6182042229339
433.0917031250001,598.30503125
423.27030485916964,596.4537584343032
413.8250404943384,593.1644375447306
404.89342588051136,588.6837492543887
396.5157379821688,583.2412680093794
401.25133582929624,583.1584249166372
392.7086250868487,577.9722199909919
384.3727890454745,572.4324004421709
377.2173411551715,566.7481476628184
379.0413138418869,565.5071340944767
371.69252641473753,558.7307921526543
364.8790146631599,551.4275214900969
358.81522717874935,543.4776048287339
353.86279487389345,534.8068488554991
350.4874989829204,525.4041793031395
349.1134846902723,515.524774873048
349.55821706696327,505.5400993243753
351.05723686552983,495.66578332624204
354.8091140659005,486.4224855801165
360.652345736862,478.34668402517536
368.54059968887714,472.25322760607247
377.21285127487033,476.0640343043133
375.3891892526746,469.997571183741
383.7225805977397,473.04069209025045
392.37514689946175,478.0480017066001
400.57295613250506,483.7522961002252
407.0028862800599,489.36016575622546
404.4474000477373,479.98112544034313
397.9038516688347,472.46396318578707
404.709952950951,476.44045343949426
410.57590382921313,476.20453874328786
413.20981855452067,466.5595891495942
414.2593347471811,456.6320903865561
413.9125739777685,446.641449481666
412.3873775329591,436.8151717834471
415.15327806287553,433.01058337650244
415.93514269745185,424.1033678856726
423.72100026105073,417.86032729490205
432.15664156536667,412.4899520424582
440.8387411305076,407.49608055750616
449.6214332097149,402.74158871299625
458.49953779638105,398.12572203111677
467.4246222797429,393.60925625449056
476.3712376859123,389.1424925337993
485.26304862849884,384.57902959566104
493.13500941592304,378.4541919500752
499.97244528877513,371.1591808750435
505.6560506367162,362.9374873618863
509.76283527117977,353.8596326532735
511.90740257662543,344.102355669163
512.4633008613587,334.1429119110106
506.14163722228346,326.9232248425743
496.7417311695806,323.54757871124497
487.00614557280187,321.33159769855683
477.14518534692843,319.6109694277092
467.24228677918245,318.1724071864209
457.32133459273007,316.9157002632139
447.389574056923,315.78589820357786
437.50998165219517,314.3747991422273
428.2273795132936,310.6970405405162
420.2304008012913,304.7651569660742
413.71036620281416,297.1894371141482
408.60180778964246,288.60869649375206
404.57232308312643,279.45989590681233
403.6951767578126,269.9096771240233
407.39442302164076,260.6152304769236
411.6113551502229,251.55476004004464
416.3619116300783,242.7584535171057
421.64735227148674,234.27477071925512
427.4620752795009,226.14759380171242
433.80859027088115,218.3983081380285
440.62896364905555,211.10458960542505
447.9163232908571,204.2666077727145
455.6444113790096,197.89874849457652
454.83146896942156,194.35210057452682
463.8938427646441,190.13349000614497
465.1784358566441,185.34887711906794
455.5172372788736,182.84251719634455
445.54082600480325,182.6449147333576
435.6699508184521,184.20448708381386
426.24492990683774,187.48312907031445
431.67192367935195,183.7272918525933
427.32628487540785,183.41036138298546
417.8375192871095,186.50893351507173
408.63746385650535,190.44631853466643
399.7280737494362,194.98171504968633
391.0819039306493,200.01206114573563
387.0274576974065,198.26429667668958
378.79510229299973,203.92786491990634
371.2736569702179,210.50876900462976
365.133701042166,218.35264950779415
362.1375366781675,216.12947670277742
355.18056872005184,223.3044304217706
347.51855383220317,225.9633394269496
338.07333519890904,222.6529505678564
328.4794235053383,219.83868024794555
318.750842015325,217.55967697983954
308.89206297599924,215.85292613170424
298.95986911350116,214.7612738521527
288.9751403701248,214.31548421535794
278.96200391877346,214.54365833384142
269.0239705872939,215.46053760900756
259.1523831027116,217.07721497896398
250.2603628605306,215.57399295093862
242.94632356040506,208.84721229550044
237.6578863408002,200.3816001898664
233.13469715889914,191.46591728094126
229.93890782022473,184.963987909317
227.9032378226465,188.42684311587584
219.97533885716916,194.50957497309358
211.97839144429136,200.52172937875332
203.95905449251924,206.49673231520586
195.94844251270592,212.47261292862146
187.97114163784144,218.4956474733524
180.06267267747808,224.62059248847493
172.2953602661966,230.91433794781076
164.78121371345182,237.51498867731866
168.09252012591062,238.6166220759004
161.52831076049802,240.2931100158691
156.78419233094513,248.33058711019868
156.12227306694535,258.30114568289366
155.8154550214338,268.2983446894627
155.51016667032238,278.29095811927317
153.31904229678565,287.59995239166176
147.34116159435084,295.6110392516995
141.6356087842355,303.81393503227474
136.2852510639913,312.280444784915
131.502410241729,321.0603332276596
126.73951066598455,329.8460398385103
122.29382707475911,338.79729791699754
118.12281503424794,347.88682835047337
114.19867375787658,357.07886292950866
110.48799069031323,366.36926492182164
106.97114479875562,375.73645812177654
103.63182547094668,385.1606507050767
100.45180305351744,394.6371482594901
97.41740934659185,404.1569859467502
94.50795989225895,413.7423981957729
91.72595641874865,423.3457207217214
89.05536561887381,432.98508542795764
86.49167405606192,442.64346397554266
85.02737946322942,449.280804957563
88.99675762016967,440.0947045101619
93.23761663841785,431.034867964648
97.74047576284529,422.11953050463217
102.52153770720771,413.3179117087526
107.5513335177182,404.68460956085687
108.43508145449063,404.97029299238966
105.10026614656664,414.3947717099137
102.06334754672704,423.9326565782493
99.30784446490905,433.5387314072874
96.80684789353927,443.21422214687937
94.53981890304067,452.95434747495244
92.48906123232413,462.7564047263994
90.64771542865913,472.5715976056348
88.99276502364484,482.44404919777577
87.51990760735016,492.3227960103294
86.21248570295369,502.2413255060103
85.06410002160196,512.1717655272183
84.0639827066147,522.1272047018799
83.20574465750626,532.0879800834043
82.48083111521494,542.064147267419
81.88322505110925,552.0425852665396
81.40623564123135,562.026800719088
81.20034334436173,570.6087416167446
83.18944144519739,560.8139735242996
85.38307519827467,551.0515965529274
87.77806492694283,541.3372503504049
90.37020526359842,531.6863298996815
93.16165053785025,522.0895361551572
93.28160722303211,529.1587509296561
93.10452631652862,539.1482931858206
93.13868458221657,549.1550351755535
93.384225580988,559.1505125712553
93.84058007864923,569.1314308772232
94.50911802331865,579.1195031685863
95.38715105951563,589.0738376078699
96.4748134627404,599.0036555705666
97.77329193069038,608.9180553497758
99.282799753984,618.8136064452785
100.99898430517337,628.6622161587705
102.92557170440888,638.4852393112152
105.05716532029781,648.2547647510993
107.39241341813373,657.9676341278707
109.93328618886885,667.6328094892756
112.68278614050668,677.2590134402708
115.62962022005667,686.8068504549893
118.77985345161187,696.2972171595601
122.13291660097859,705.72681905828
125.67905447655546,715.0689131645083
129.4245492317956,724.3520509245848
133.3102978591919,733.5498622432948
137.36199408100546,742.6976023034451
141.5835178550128,751.7636663631326
145.9798000111077,760.7377009764307
150.56145386993884,769.6278312941063
155.33452376316487,778.4349336845872
160.27477048587798,787.1087957739979
165.4091816492528,795.6925310620597
170.7286881940309,804.1653554708398
176.22724949659408,812.5144503685927
182.43608265145383,820.307953233851
189.47440314467423,827.4136746576029
196.66619264452476,834.3630800831339
204.00868500623244,841.1534164306086
211.49911408502427,847.7819306201912
219.13471373612722,854.2458695720462
226.89550700088725,860.5288569272311
234.81284616439126,866.6557621617529
242.84925303338375,872.5969728657004
251.0191904354142,878.3633773110212
259.3199103841511,883.9522404905557
267.7300017765287,889.3491400604195
276.26483565092224,894.5638378959718
284.91208201490747,899.5881802903305
293.668621784135,904.4200739625787
302.5313542877982,909.05744284363
311.49719721907553,913.4982280269047
320.5529870438138,917.7357979359704
329.6953270548947,921.7687829024784
338.93118771545574,925.5999968442122
348.24713733360926,929.223537501829
357.65042862891977,932.6418267834694
367.1274631460309,935.8494582394744
376.65350137612313,938.8387220922543
386.2681666061029,941.6218651504923
395.9251006441191,944.1852288219509
405.6537443189169,946.5367224018535
415.4179125647554,948.6676468393204
425.23647366178864,950.5825058949215
435.0838470548018,952.2766550592044
444.99072439538423,953.7552878620709
454.8971772454819,955.0101112263799
464.8455446778638,956.0474869428743
474.8098295727036,956.864905692817
484.7985148689268,957.4636182114186
494.7969573198631,957.8432769489912
504.790318384371,958.0045955554905
514.7946724428559,957.9487937207286
524.7821944640924,957.6758102804432
534.7632694166881,957.1847746094256
544.7468693474557,956.4738129286736
554.6936356536002,955.5450734131188
564.6365281428098,954.3948014973403
574.5365156682118,953.0268035330047
584.4142162722208,951.4378938948178
594.2428823450988,949.6320005257778
604.0426833662243,947.6050067073166
613.7871138871541,945.3619404812755
623.4731212618002,942.9038157837583
633.1201604347301,940.225147456773
642.6798084387967,937.3395936414394
652.1937689128649,934.2347288595171
661.6362772696489,930.918242831562
670.9824042776005,927.3997627200649
680.2724313082839,923.6641063098238
689.4599294568642,919.7298557824464
698.5632176303508,915.5898525599097
707.5685581624375,911.2505355515464
716.4831296512219,906.7085633845109
725.2933912584555,901.9708742776265
733.9863110974675,897.0453018755372
742.5788169303047,891.9225642594929
751.0480390766181,886.6165192532342
759.410306780569,881.1170724639413
767.6432854298713,875.4389548840745
775.7442529553571,869.5849098401341
783.7104872878579,863.5576806586196
791.5570621915236,857.3456020232163
799.2628097392344,850.9650620874786
806.8249890889972,844.4188230973333
814.2408593988189,837.7096472987067
821.5076798267062,830.8402969375255
828.6227095306663,823.8135342597163
835.583207668706,816.6321215112055
842.3787403010607,809.3072971832565
#
746.1074555335208,868.7071365536545
756.0051579615958,867.3624023492187
765.8480167057411,865.6234679490585
775.6255796209311,863.4858270480419
785.3057425912792,860.9512627385317
794.8572220213466,858.0251765411958
804.2876485631285,854.7021967909915
813.5639288852922,850.9906716337354
822.6893039998686,846.885742003771
831.6285919225448,842.3993635343949
840.3584023141252,837.5409084271957
848.8856625883435,832.301912033312
857.1608648758163,826.7076715294803
865.2030762733968,820.7377039399654
872.9487659250782,814.4297570957821
880.4139565006899,807.7583422138572
887.5377186882508,800.7607737500139
894.3184131043786,793.4161171596561
900.7241457883266,785.7225399390228
906.6976288081264,777.7008646963977
912.1920692700929,769.3479076844899
917.1379791004649,760.6721724096234
921.4610758681841,751.650619235916
925.0268267213611,742.3186202959515
927.6740591778541,732.6716790438305
929.1480885991509,722.7968228935092
929.0985671607541,712.8117950776626
927.048505346002,703.0397602714688
922.5500502265804,694.1488173558861
915.5876319775256,687.0170339545335
906.8545777945708,682.2070666301838
897.2364458596832,679.5821761186896
887.283009737687,678.6836663621793
877.3354659595585,679.4774195408287
867.6030040086833,681.7570625468497
858.1965101867431,685.1582416993073
849.1466906199594,689.4042500793433
840.4244686720297,694.3103830101714
832.0337123298175,699.7248509651936
823.9146515823244,705.5739098059184
816.0685384530999,711.7721748598206
808.4746744459975,718.2688697731393
801.1101332007767,725.0325034672541
793.9681586087122,732.0303230229691
787.0424809999276,739.2386845997427
780.3134679329443,746.6579524487016
773.8109113001332,754.241555830149
767.508447242464,762.0141428886493
761.430924063829,769.9483803852686
755.583026681873,778.0501324547148
749.9706487815974,786.3382389274238
744.6407858422857,794.7867856262136
739.6083749982716,803.4432114305971
734.9569023505107,812.277908169008
730.7539869578922,821.3554867232342
727.1588611713861,830.694145943783
724.4566859874651,840.3061440887675
723.2272050654,850.2275706666094
724.9101579499928,860.0009174401314
731.6605940964175,867.0744491911073
741.3951373015705,868.994304558705
#
900.2121294179242,644.4210146871486
908.7025518594611,639.1622168134346
916.8882139378218,633.4277720637206
924.7282835301439,627.2183786312911
932.1816492452818,620.5431610597241
939.1983784343776,613.4318796769503
945.7642646179496,605.8909081464105
951.8540438778706,597.946324758977
957.4327427048524,589.6543598815332
962.5052289408893,581.0291169229298
967.0512111257098,572.1386279977851
971.0899739202796,562.9900083753527
974.6241442176057,553.6284587873977
977.6603455787545,544.1050975182966
980.2173223517847,534.4442651623103
982.3145596920592,524.6629877771005
983.9652690415033,514.8072335450855
985.1902324297774,504.87727581228637
986.0030582727052,494.90332438050797
986.4166575433201,484.915479103374
986.4416404827675,474.91132906896587
986.082036719424,464.92632749380084
985.330203331669,454.9514220865328
984.15453151558,445.0227770160145
980.9900330327481,440.83249435217743
974.8651375154154,448.7255053955455
968.9758070115008,456.8132121848289
963.2908797431678,465.0454122840769
957.8036501046422,473.39064186087523
952.485324408448,481.87092031372464
947.3542606351974,490.4440779207337
942.3937080507479,499.12987456230996
937.6122720345854,507.90944455873966
932.9997339944464,516.8009354732973
928.5817195442983,525.7546748853424
924.3399347551659,534.8087653794855
920.2806860123358,543.9550974874024
916.4122244798577,553.180568319524
912.7397685286768,562.4782560487331
909.2362929272815,571.8491430133868
905.5628629844115,581.1425771340306
901.6128658703143,590.3391237822424
897.4184767831231,599.4034684682262
892.9864839171172,608.3641618191353
888.3369239747077,617.2277439564832
883.5111804320261,625.978939114152
878.539446273157,634.6597804253954
873.5077557165803,643.3048990941354
868.651046988183,652.0468494810905
867.8799659519478,660.5112730950738
877.2691930151412,657.1722452492183
886.0016743941459,652.5558385667215
894.8930738040912,647.512776165983
#
544.4811514891813,952.064281876897
554.0562398518417,954.9130257190252
563.742269760267,957.3804764687135
573.5315682449641,959.4582326688256
583.3941512275201,961.1347074550262
593.299307285007,962.4019443819977
603.2697038223052,963.2590716266773
613.2578796329212,963.6980493431626
623.2556799960664,963.7160845697991
633.2524657028616,963.3096672458075
643.2097554079814,962.4774509374214
653.1372808139175,961.214632777034
662.9795227698835,959.5239309846868
672.7506513422984,957.3973833435356
682.4230142390971,954.8317112543293
691.9642657144473,951.8247462115155
701.3368721817881,948.3758560732381
710.546302898959,944.4642586397506
719.5347781252788,940.0886346935933
728.270561015552,935.2312773601102
736.7181295335886,929.8639094815841
744.7915644326497,923.9757228347801
752.4316475047196,917.5157377277148
759.5002265204976,910.461512276557
765.850756740424,902.7435364027388
771.2271996781121,894.3127458190195
775.2317650233826,885.1711590131741
777.3029216076676,875.40730680749
776.7595069476931,865.4595514341731
773.2529619148679,856.1410460929792
767.2041795455664,848.2195742131
759.4633262112378,841.9117597467031
750.7300536492704,837.043210791373
741.3077443668025,833.7205521892458
731.5043100783377,831.83085846112
721.5344019439026,831.0832280655858
711.5336514606074,831.2448974625239
701.5870130086456,832.1361400260305
691.6992998219861,833.6281093069337
681.8947330756,835.6246326577677
672.1990177644354,838.0498435884157
662.6029918037058,840.8524890495539
653.1089803411645,843.9920849786986
643.7134673647004,847.4401259274675
634.4312385577086,851.1690355861738
625.2758220461134,855.156745925415
616.2199557670378,859.405583731319
607.2823958991797,863.9039431581258
598.486816268496,868.6417197305404
589.8073524739623,873.6427737824065
581.3086406719237,878.8876529129386
572.97188668324,884.4168230243192
564.8461281691431,890.244930363684
556.9747518868155,896.4135684546403
549.4305510167449,902.9847405204381
542.3568421555739,910.0384118130225
535.9859915142193,917.7432202355599
530.9029931700478,926.3247662960498
528.6710355346513,935.9978254211048
532.3094225962623,945.063008534444
540.5521587934013,950.608834736825
#
911.8545673644669,704.226135598994
916.2166403319836,695.2539027977585
919.9048967149258,685.9566190775037
923.8611595696545,676.7713131767987
928.8551015626573,668.127752118439
933.6479477852712,659.3540023563079
938.0206302582413,650.350307095073
941.9331880550981,641.156978049755
945.3688524099273,631.756938733629
948.278989477466,622.2002329743049
950.6212235700488,612.4867486863136
952.3150268704658,602.6224088645885
953.2094773766289,592.6695483867373
955.1286303035367,582.8565279079162
956.9594092278576,573.0218832416894
958.6827467375093,563.1735737823938
960.2791999222452,553.3044409445567
961.7242542585414,543.4169606654326
962.9938537595805,533.4835104507663
964.0522362532365,523.5457684107982
964.8700890523788,513.5904882057685
965.4182540758968,503.6045115829371
965.6707718052041,493.6084810510564
965.6130516150118,483.59391140564907
965.2456391526684,473.6064257818863
964.5839408234272,463.62208517395
963.660670220861,453.6778201104592
962.5111641826234,443.72975861020893
961.1847915282688,433.8282783722986
959.718886030202,423.93093497311395
958.1554911704166,414.0624964787401
956.3172872103861,404.22982021208566
954.0011475502416,394.5085081319244
951.2907198983057,384.878158917747
948.2535903208617,375.35634654678995
944.9258131446534,365.91731159694643
941.3471962008967,356.5839900334625
937.5338115735927,347.33860346661487
933.4999499344672,338.17968952564723
929.2630694265388,329.1252712304896
924.8263815770084,320.1725427174767
920.1835622959012,311.3121403387671
915.33647104342,302.5622612487566
910.2810299597138,293.9404598893693
904.9966170104284,285.4506917600729
899.464870116542,277.1208872857578
893.6496475142249,268.97908069152686
887.5077612404328,261.08488276105004
880.9887665603693,253.51801166761166
874.4879259819282,245.91193809999214
868.3957094152643,237.9889761232686
863.2080413084029,229.4449592628479
858.463809573069,220.67601192921398
851.6532197533055,213.36134744975624
844.1933409099491,206.70646533868074
837.2002276560331,199.58415174511182
830.5125082763917,192.15333516609755
823.8153796205082,184.7156172346445
817.1259133829258,177.3089303687656
810.3958077991255,169.90237294977203
803.6339782574006,162.5348362586653
796.8077826159605,155.21129123321836
789.9060614749407,147.98201590074135
782.8608049081238,140.88547555812542
775.564478956685,134.05381112008772
767.924710653811,127.59748050578897
760.3001412612268,121.12657895476242
752.7275617214814,114.6115542704119
745.1986895789872,108.0350287028623
737.7211830774465,101.39083714717722
730.3057156887054,94.67245957756045
722.9716641755024,87.87730279279704
715.7310859518534,80.99026185577549
708.5871636544206,73.97772290055828
701.5908334166028,66.8378956985713
694.7690001591227,59.52013156914681
688.1964814495161,51.97452831807995
682.0177194486218,44.1238808080717
676.5314397663042,35.7649941147145
673.0372772535718,26.47780738391355
671.0182616187026,20.552898076712154
666.3809727887565,19.91390244658396
659.9477110353764,27.582248803344555
653.8774152016558,35.51554909533297
648.1190861045907,43.67978554397996
642.6481343505839,52.06865911992827
637.4860307570016,60.6268275201237
632.6200446276739,69.36189191496146
628.0594683408272,78.25173362868372
623.7999154819154,87.30503797334495
619.8564218814427,96.49341515819833
616.2289473034907,105.82257674669381
612.9323450450029,115.26090800006932
609.9710259789977,124.8004012162362
607.3428491031241,134.45870944644344
605.0608187768121,144.2001002915331
603.1301056316483,154.00733347216533
601.5511236309358,163.88409934118135
600.3580689482017,173.79862946925985
599.6659807928709,183.78077867926493
599.4765210077584,193.77043193689204
599.771961839241,203.76651080314122
600.5364900133669,213.74484596051064
601.7507808983636,223.6585000218427
603.4040657339589,233.5277522414719
605.4775104764169,243.30482705094664
607.9602913335158,252.9858068897057
610.8446715998414,262.56483237295447
614.1179393656984,272.0127961296771
617.7750250883731,281.3197219124621
621.8129498094418,290.47220435909344
626.2304010671395,299.45272929949044
631.0168360656785,308.22073762351124
636.1932480848861,316.78546099844533
641.750772901891,325.09348082772044
647.7022299391782,333.11839030316133
654.0396990267809,340.8594157729826
660.5958067995479,348.4111541508611
667.3447188943933,355.7852462888217
674.2827602233465,362.9780793875249
681.42086132901,370.0000368628091
688.7265001088139,376.819128273047
696.2102354193636,383.4461149326499
703.8683921726883,389.87738404227827
710.9126368522644,396.76894469056276
716.2985125874355,405.207126755261
721.2751911358162,413.88685855984755
725.832976024435,422.7779425631759
729.977917346172,431.8792741512034
733.7018928264454,441.16049231222473
736.9995857623592,450.5901326518845
739.8775080973143,460.1682457707615
742.3320283684135,469.86357781930417
744.3655295011354,479.660919895499
745.9781593801407,489.528534020144
747.1747468152641,499.45149350199506
747.9603144479915,509.41547043827813
748.3400726850563,519.4067235652955
748.3115773766,529.4168069581008
747.8397514863299,539.4007891428487
746.9179338835306,549.3496807080892
745.5444912403135,559.2501872707477
743.7182149374836,569.0884598888445
741.4436313787435,578.829537057857
738.7262322729831,588.4494812626351
735.5665531792357,597.9444953343703
731.9796107019838,607.2708911109256
727.9682770888436,616.4250271972891
723.538785530181,625.3928851794595
718.7080548635507,634.1422533547103
713.4739905171443,642.6774784495162
707.8674856069601,650.950101690055
701.8875038098148,658.9647048121763
695.5569778993614,666.6921955256357
688.8735453540094,674.1358496081532
681.8617040339548,681.2676365493753
674.5332572683354,688.075759440889
666.9160195263103,694.5354556203633
658.9903626167836,700.6615863213457
650.8178192862723,706.4057053865672
642.3780242221198,711.7820909875629
633.7190769348936,716.7592390617747
624.8368675664506,721.3395105275655
615.7443061912802,725.5139129005393
606.4737698178272,729.2661722355367
597.0391219455495,732.5902049286937
587.4743485927013,735.4745381114776
577.7730469661274,737.9210791337603
567.969258214631,739.9207634399627
558.0979996258424,741.4685644145285
548.1515874446386,742.5674474503633
538.1866700808417,743.2141257369273
528.1831050522508,743.4136086872227
518.178766459331,743.1669224690659
508.21523536548085,742.4682652575311
498.2717606405043,741.3160043474502
488.4117189091626,739.717427951748
478.6112456182995,737.7054835415294
468.8460709650861,735.5740383294111
459.174106947966,732.9936433897434
449.65107977951976,729.9583770237949
440.2994911920586,726.4569906183256
431.1194901028997,722.4688270626187
422.17213788466756,718.0004241651268
413.4964689711156,713.0557102808831
405.0972246732562,707.6202734892948
397.02322304153444,701.7070178022981
389.3244172969824,695.3364225882657
382.0240946044348,688.5082314742602
375.1708299433217,681.2380618404754
368.80885507587067,673.5194751713053
363.03967065210736,665.3587820804789
361.9353324954037,659.9930839399665
371.4825449268262,662.9977670101533
381.14200562789443,665.5194149921113
390.93279085311866,667.5727472944103
400.815113182743,669.1535745691168
410.7467975662696,670.2581733407491
420.72077466655116,670.8847521451893
430.72504392198476,671.024671082683
440.72269472039375,670.6637456452411
450.6874486635757,669.7829202840362
460.5654376848605,668.3597240626374
470.3736385357276,666.3498696116321
480.02308844394236,663.7122778305784
489.4355562635692,660.3923115586733
498.55530442843417,656.2995569903511
507.3323304732653,651.4995385424926
516.0396717732539,646.5890506843353
524.755048064038,641.687246261796
533.5407109725272,636.8931509066169
542.4745062311858,632.386550614683
551.6672568882194,628.4998509808946
561.3151689426154,625.8760444916487
571.2601008293424,625.8032472909838
581.0293816946287,627.7813232764247
590.5328047917745,625.1575017394712
596.5868467905187,617.444163245463
596.8991323829341,607.5877018927729
592.530523087651,598.6503200980839
586.1205661097014,590.9835226857306
578.7709114903605,584.2117726747823
570.6942679109615,578.3307752851991
562.0184803196912,573.3801504236933
552.8384895932851,569.4068628228744
543.2921374720142,566.4682010348668
533.4778661495371,564.5816835064156
523.520309553139,563.7445304620192
513.5286661822701,563.9205737804563
503.58512737387656,565.049565732492
493.80387805655835,567.0752122991177
484.15826801449305,569.7352383407892
474.5908932803735,572.6732279388945
465.02400418243144,575.5578162885079
455.35858547853286,578.0841116918351
445.5243680099238,579.9547205123893
435.5803038594262,580.8822487438715
425.5798958613258,580.655971903735
415.7077116050824,579.1790376924444
406.0849259400347,576.4851681371139
396.83122019398513,572.7125108652093
387.98614130098895,568.0339349969188
388.49878146072115,566.3321180804559
385.3422724925455,563.4239535380188
376.6442700670947,558.5001097343076
368.1054061001132,553.2734088918144
365.0743436959982,549.9559238516094
363.54319444860056,547.0608564048233
355.8920231583763,540.6339041150213
348.71834887178767,533.65223920384
342.28192328625727,526.0233239514849
336.9273990435638,517.5942028884173
333.2086323099064,508.3311863474249
331.67054176621724,498.47206572717613
332.17264251047214,488.4837972409073
333.8635265103169,478.64402294553827
337.9949644910284,469.57824204005317
344.24057079064335,461.7938159205486
352.324366884219,455.9793143749704
361.2564541463852,458.5042205730082
361.7266160679385,455.0811982308851
367.4297986320844,455.0880644362555
376.3522160841897,459.6031098220992
385.10311933552475,464.45906896405677
392.8040356893977,470.7851957957811
395.1996494117975,467.4250094068648
389.5813875361681,459.22691015774024
388.0718379323593,456.6450571853538
396.54165824666575,461.9725431238594
400.87794934928326,456.04162876263183
403.2657913153892,446.34371994146846
403.7060530455672,436.37361033653497
403.1556907463073,426.37865445089363
401.86688321799033,417.1254766223432
403.62179597522334,413.33939746981287
408.19948150537897,405.679720678337
416.5635155002577,400.21919044257464
425.31887006164976,395.36388805693366
434.2210061877965,390.82506130200636
443.22737257570776,386.4715500911976
452.29440716180676,382.24711013022295
461.4017623563286,378.11047603272243
470.52340362205933,374.02646382155206
479.63547929027993,369.9119854962056
488.2000084157424,364.79569559483235
495.7848930563159,358.27814723545947
502.3614646896385,350.75960741114193
507.720953367064,342.3437423643656
510.9872293751388,332.906763106756
512.472267784199,323.03589929497053
509.65893761743877,313.95507167287366
500.6916824632659,309.63999408613154
490.99815777587884,307.1717525329591
481.16697157164356,305.3624105041495
471.2819912277716,303.89208267975965
461.3684569226179,302.6298986934135
451.4224132394871,301.50753567202776
441.4817160594949,300.489717648278
431.53799132680007,299.3920489335751
421.9661436610009,296.60405562086413
413.2586115954676,291.7160525652172
405.80682606391514,285.0597674802543
399.7266766989851,277.1403757273109
394.9569462585598,268.364370819457
391.28315430393565,259.08500555782797
394.22231970368455,249.793031246439
398.57761947793773,240.79421713793536
403.4884746301206,232.09343693096264
408.9469552000074,223.7064483948541
414.9172478591762,215.68899868247442
421.3804125938974,208.06459722268306
428.3175093904414,200.85675344433974
435.6912099624228,194.10477500453783
443.4794902581583,187.82873563280862
451.64021689446747,182.0618420794847
450.2163220132607,179.22630518860103
459.4712789679859,175.48090410121637
460.07301330068333,171.01939822005494
450.36244222054245,168.67850894094272
440.3962373870909,168.18533688670408
430.4626609753216,169.35493327732618
420.761055776596,171.75742861890805
418.7863529940061,171.5619974975103
423.8192628199276,167.98628540354676
414.07396233319724,170.19481228286946
404.5694810137383,173.30773253284173
395.2935463450192,177.05569130680374
386.25164203176223,181.2917972585218
377.86229514296264,185.19016675042877
373.2982980469132,184.01525175339705
364.80083478529065,189.25565904489997
356.87614299118394,195.3674922101572
350.08619786051094,202.67739877411455
347.2435615660842,200.61020559406316
339.76728972024665,207.25740472158122
332.35950949713987,212.16200150305298
322.85913439526496,209.04402892342404
313.23580049153395,206.33033186946696
303.4959588437079,204.04690412998207
293.6760721465282,202.22487413242814
283.75823611424113,200.88373667509862
273.7957023683576,200.05252660638442
263.8017023435505,199.75082287473225
253.80463240712695,199.9964968733505
243.83422934514823,200.8030651084386
233.94485901586197,202.175344048534
224.55678373801697,202.46122793382412
217.39797986876025,195.48526828198422
210.97979329024736,187.81798518961267
205.23420666980735,179.64762409067163
199.99887426842741,171.12930474258224
195.16478617604605,162.38018874088485
190.2461968650817,159.29044584512718
187.03287889811295,149.83825474210897
184.68769252220255,140.11105905849203
183.01012807008624,130.25166526170776
181.96146886784575,120.31299552117576
181.64519875591242,110.32628242705493
175.35872799044841,112.91428987038147
168.7470942329391,120.39937792561958
163.35735776030916,128.80783811577234
158.95645229114587,137.7992344517262
154.78301515579216,145.59714505767835
153.98416093242903,141.4909287939222
148.27457819604865,149.67219351673137
144.22469831141078,158.80847952690732
142.7403822555541,158.04671618652358
138.47223175825184,167.02200264534798
134.6075883801617,176.24302311386688
131.1362690318232,185.62094436765202
128.21174389462163,195.17092823440595
125.61140487117126,204.83731849522252
123.3349824104241,214.55730852570832
121.40208555028744,224.38196512555174
119.84084482310703,234.24560302362602
118.65193321682165,244.17214844898243
117.83686858487377,254.15635324328417
117.33866544640054,264.13970499074475
114.40475004257719,273.08652416513036
108.02023564256811,280.78618468373566
101.90037917500736,288.69164991532415
96.13614301643571,296.87083997343393
90.95083393973847,305.4072018132491
85.75966300190234,313.9666534583402
80.90145080663622,322.69981103294333
76.32802538408464,331.5903848311821
72.007915627636,340.61314277050457
67.9168405859043,349.74335302830747
64.0396406488195,358.94673597802785
60.3451255435571,368.2379653656427
56.819723614486406,377.6001538820339
53.45500598079835,387.00820547373144
50.22817052835226,396.48392112387717
47.13544238093145,406.0009956718982
44.17238753551732,415.53642935803515
41.31754925602674,425.12716674575756
38.917969993309036,433.7980505457842
43.226193777897,424.7800825308584
47.8192071961928,415.8929943871985
52.6874835927476,407.1559906438961
57.819948260405184,398.58743177025076
63.227406536963656,390.1695786018081
66.10897407966853,386.8961890553757
62.362614173599155,396.17073630782704
58.946507310644975,405.56799071040234
55.8339822479611,415.07112429613375
53.002257805035455,424.6655837072896
50.434540876919385,434.3267298046855
48.11151065173633,444.0476065319498
46.01516583729641,453.82811395116
44.13344558962859,463.6502113178202
42.45365187448624,473.5040943814241
40.96308436203003,483.38804269266126
39.64955790375133,493.3082344302418
38.50592634080991,503.2401730910429
37.52199586893339,513.1878335404754
36.68843122599262,523.160807583658
35.99960871918034,533.1317170245187
35.447011936731364,543.1170243822817
35.024572723704345,553.10847447261
37.03640885919776,544.7170446736263
39.43687163080962,535.0156478944498
42.06103095823907,525.3600730053472
44.904929457216625,515.7664817449435
47.963491833651126,506.25072051387986
48.590196683984196,510.7169724438439
48.38342166007801,520.721944550339
48.399913522493094,530.7101158827459
48.64423909151048,540.700077656598
49.1210032037688,550.693093634171
49.83276955507323,560.6703164462585
50.781259658121485,570.6255150443488
51.967483236331496,580.5541670334794
53.391982996900815,590.4533396923075
55.05505658115976,600.3215796246591
56.9518011867048,610.1337494505021
59.08341225164057,619.9026763239838
61.44614556518994,629.6173892515357
64.03518062718273,639.2673933773035
66.85277663858801,648.8690850453756
69.8900370342445,658.4004350265734
73.14051128533909,667.852694863434
76.60738661265373,677.2448249697089
80.27384710912968,686.5420524525917
84.14328607456787,695.7645729551698
88.21105083836929,704.8960839502512
92.46055640198188,713.9408537154299
96.87564736451246,722.9120481667477
101.47054504606503,731.7995736750798
106.24244268961033,740.5786781622027
111.20631773170254,749.2657634378179
116.35930325853711,757.8479848044865
121.68788271390285,766.2996157171045
127.20368391280033,774.6373628811101
132.90262177142915,782.8530651495341
138.78635304687896,790.9477143729487
144.8411211067334,798.9022233579494
151.07713207555855,806.7300965229508
157.47516063507243,814.4078574405107
164.04024549628102,821.9431198636404
170.78161005694648,829.3466547369197
177.67138438506805,836.5891394547243
184.72188052821704,843.6855966530077
191.91978038946928,850.6243985638683
199.26695324955347,857.4095274149571
206.7510613798503,864.0320400813112
214.3762807176188,870.4982088620995
222.13141952900355,876.8011503738467
230.02310466053143,882.9487783911006
238.04141611792465,888.9357442151722
246.17617988349133,894.7574896238716
254.41699159715634,900.4102089369657
262.7738311741333,905.9040638720116
271.20016411801527,911.2572562378189
279.4880167845858,916.8538529005137
287.9924021902403,922.1116395102096
296.65362566971874,927.1148344620234
305.4325747786641,931.8826764146852
314.338638712797,936.4422102070241
323.34443554515536,940.7924967212552
332.43258317716754,944.9347289709217
341.6259869914055,948.8852843823432
350.8970333941993,952.636095483675
360.24546907499393,956.1902447555455
369.6709326270794,959.5495305111274
379.13576286642905,962.748932736746
388.55992121564134,966.0796977389334
388.4848614354134,965.6082960043549
398.05752503848635,968.366219305765
407.71340078232896,970.9371046748022
417.4317295668162,973.3111590281121
427.19277512809083,975.4833205016812
436.9933793911923,977.4531249464146
446.84731586375347,979.2229694560313
456.71761770563035,980.7863177088666
466.6179985982078,982.1459156880746
476.5623790405424,983.3031084297631
486.51348192158196,984.2534613335986
496.4851842021957,984.9986707190151
506.47432780742315,985.538272436918
516.4605561979936,985.8714062613861
526.4578769728755,985.9987140507593
536.4534694064764,985.9424326250414
546.4605040293364,985.7266860744271
556.44881058238,985.3450805086184
566.4407490791073,984.7891430647715
576.4115892328861,984.0519637380282
586.3632032001053,983.1249163664853
596.293564910463,981.9987868724473
606.2214214374425,980.6604227276516
616.0979911744096,979.1050837393577
625.9331905855048,977.3198007198723
635.7285510324983,975.2908648319604
645.4563179129366,973.0096898796204
655.1232062646643,970.4589585001303
664.7223390464783,967.6219956040381
674.215520440461,964.4904107159715
683.6027223035776,961.0424410731462
692.8591113082446,957.2617771924267
701.9607839124196,953.1291753051271
710.882277579708,948.6218194931878
719.5945839227456,943.7118627991388
728.0419377114638,938.3774225332533
736.1880802125386,932.5673561513845
743.9366329123873,926.234898972361
751.1221074752211,919.2882531581893
757.0022791099548,912.8579019050595
757.2796885688625,911.9214801385986
749.0186891153287,917.5162921962201
740.0850197603312,922.0073332838994
730.7564132346241,925.5952140664149
721.1690769436348,928.4564194111157
711.4305799942017,930.713655192852
701.5856574981076,932.4635912345316
691.6726987835103,933.7726488474573
681.7207895507813,934.6863905334471
671.7326955327987,935.232566092789
661.7361907947825,935.414188734497
651.7465959151278,935.1950074827112
650.952341223089,933.5351179422483
660.5190092571379,930.6371310055254
670.053608271751,927.64671725537
679.56622449459,924.5531325797888
689.0494517961109,921.3576305475141
698.4845739272637,918.0733569124395
707.9057854106632,914.7015477091439
717.2870582631314,911.2684343187132
726.6678059866081,907.7773167090772
736.0164649086,904.2561900787352
745.3711441860137,900.7043775327293
754.7164180094074,897.1384574923762
764.0533844507743,893.5661829870143
773.3601141052246,889.9287067413329
782.546932220459,885.9605603790283
791.6121848898,881.7371383055747
800.563609462561,877.2651887567752
809.3781115694517,872.5414397204346
818.0504766853503,867.5691557109553
826.5754902851354,862.3516012427399
834.9479378436856,856.8920408301906
843.1626048358793,851.19373898771
851.2142767365949,845.2599602297005
859.0977390207113,839.0939690705646
866.7811982731313,832.7157106929684
874.2184473150403,826.01759725684
881.3512798023182,819.0045897410369
888.1438470398782,811.6625403832466
894.5415686294823,803.9989168015532
900.526005404005,795.9791978751014
906.0284384635568,787.6386739499075
911.0206046251499,778.9705839495258
915.4578770326277,770.016241793884
919.3293565662484,760.790561545202
922.6320501231937,751.3487551118008
925.4019934959001,741.7548574265193
927.750145672135,732.0196244523503
924.6612002794816,739.1858725943938
920.3041424564357,748.1739026945917
914.8972498558115,756.591763542022
908.5563131227991,764.311876989828
901.4633049946715,771.3427330005418
893.7660498972684,777.7526515875086
885.6497860583414,783.5814442694082
877.2076797555336,788.9302342439333
868.5146760013374,793.8879236972527
859.6540999290871,798.5220302351498
850.676762092659,802.9051656942648
852.0972124096354,798.6578451112775
858.0147998213221,790.6077509041669
863.8249961610412,782.4585046881701
869.505514772143,774.2414275520359
875.076428495113,765.9275068392527
880.5262566887011,757.5331377924218
885.8444102754206,749.0753080025438
891.3045694028918,740.735545049552
897.205146809183,732.6915880373045
901.790534748227,723.8031147025065
905.9549030148775,714.706482462125
910.7027616960294,705.9196989358602
#
848.9248598392526,802.9777444084509
855.5464054638426,795.4815365708038
861.9581345966385,787.8176149433687
868.1646843523245,779.9662940668298
874.1311490649512,771.9578523923326
879.865987806925,763.766847894377
885.3560642423471,755.3949603336497
890.576481690704,746.8645649179193
895.5167876196906,738.1789606709989
900.1726407942132,729.3306169176656
904.541176649591,720.3375103486959
908.8051930391044,711.2870121120811
913.0077774779367,702.2172550447673
917.1397312522038,693.1069602138202
921.1793314934002,683.969407189477
925.1258980438216,674.7753396201823
928.961314806388,665.5384385684652
932.6781797760888,656.2501255912006
936.2643325621618,646.9153515714285
939.7096567011457,637.5360186689719
943.012257467579,628.0916338187822
946.1574432109423,618.5977021859128
949.1382401579119,609.0486353341445
951.9420760076823,599.4574862264249
954.5631324428173,589.815701924274
956.9952956001192,580.1129432836807
959.227102178887,570.3588885383651
961.247878905357,560.5628733219789
963.0477243771585,550.7338974595252
964.620790174379,540.8582164231254
965.9570835376776,530.9434784195264
967.0471649096763,520.9970982398465
967.8805082421857,511.0493375567356
968.4526216956954,501.06119623682173
968.7534514340688,491.0622807096811
968.7756717650486,481.0591091152933
968.5124613898124,471.0579844357515
967.9591764072684,461.088918717619
967.1073473437293,451.11008642138256
965.9573434742236,441.18720320751254
964.5018431605179,431.28981462987235
962.7412582674873,421.4475312822998
960.6741507235874,411.6656516363183
958.2996338837371,401.9492208163458
955.6209876636866,392.3153406973439
952.6396841790968,382.7686507070692
949.4247165492919,373.30867735583513
946.0583080003901,363.8849519579528
942.5410842457213,354.51986473299246
938.8680534383157,345.2217359580313
935.0341186506137,335.9981079852671
931.0192637947796,326.82268592825136
926.8399090163709,317.75221708119665
922.4756470943969,308.7589707931112
917.9204374024869,299.8480981739536
913.1762029051808,291.0382057965244
908.245456301347,282.344909247392
903.1144366067031,273.75334077996666
897.7944548636325,265.28918099775825
892.2805777148859,256.94767743479923
886.576809553914,248.7355220649838
880.6878509633541,240.65680945209414
874.6191203755697,232.71322207005355
868.3767727489075,224.9042379277154
861.9677152650129,217.2273578886717
855.3996200527617,209.6783499690478
848.691104996752,202.26254335981434
841.8519875224392,194.9725024917705
834.8823063186319,187.7893218369207
827.8143755785536,180.7258873359618
820.6390367799364,173.75198218628077
813.390931783367,166.879931483725
806.0517768195118,160.07126698351013
798.7120260334021,153.29975218572307
791.387240577264,146.48161889803356
784.0936463090866,139.62599056663998
776.8488720159979,132.74290531648083
769.6418840658237,125.81422595199842
762.4758572092244,118.83367169748698
755.3733383826147,111.81241103562063
748.3085805073234,104.71155859375362
741.3312038922576,97.56486315968716
734.4233890045269,90.33442126198796
727.6072908660449,83.0179258711549
720.8991347687538,75.60025186891731
714.3181853955291,68.05942698751267
707.9119325561524,60.39198733520509
701.7024970730813,52.542117577303955
695.7731630349075,44.493628931428574
690.2140994254119,36.180446985862176
685.1969116108542,27.542464142912433
680.9985240378765,18.46589358429781
678.1667617183641,8.89650977015462
675.4790261880024,4.324772644064302
669.1985815607522,12.104377878868807
663.1828841090864,20.08756860363637
657.389240250715,28.247757625891335
651.8214916052382,36.550055737685526
646.474135784964,44.990827808501045
641.3459989515956,53.57128340650582
636.4407233967238,62.29262439169521
631.7766864768485,71.13380036868038
627.3557654705586,80.10749375795316
623.1957832853277,89.19881796832851
619.3082242229249,98.40776974282387
615.7015326445891,107.74701971577582
612.4042697202531,117.1788274944571
609.4216806331027,126.73094517224703
606.7789381791094,136.37531037314966
604.4933106670758,146.10742046336338
602.5822685205449,155.92604869779956
601.0672513014053,165.8101081295117
599.967589536381,175.7395679467525
599.2995249821809,185.7187858478887
599.0815396082643,195.7069534096278
599.3283362807433,205.71082464193296
600.0528001664711,215.69076505040772
601.2613852315568,225.6071546677233
602.9633659606639,235.469523705125
605.1528325284598,245.2153019389514
607.8339328928074,254.85593685977096
610.9876159564751,264.33017315946535
614.5677465231737,273.68004384962774
618.4552591272163,282.8916876995128
622.6617442124675,291.95435817954103
627.2082663348353,300.86763108541345
632.0938262048044,309.59232509758294
637.3261382046105,318.1165407789473
642.8993300095834,326.4162467344087
648.8043704376132,334.47675142645596
655.0419757168764,342.3080792722179
661.571483397165,349.8817574570488
668.3736673981507,357.2118713985317
675.4128111090273,364.3063252346695
682.6638066813576,371.19459042480395
690.0851968091185,377.8986315561457
697.6329890805413,384.4457139634934
705.2906705717971,390.8907841937963
712.997051361218,397.25292536829556
720.734325077871,403.5879306444086
728.4700838352549,409.93795619463594
736.1571394144064,416.3302621051695
743.7638814958283,422.8004071801389
751.28975178872,429.40600890353926
758.6752547968119,436.1475591836182
765.9073829890401,443.05897454947535
772.9449558772824,450.13939973656477
779.7930258485717,457.42585490548004
786.4285901518948,464.92026890879686
792.8163512499884,472.5991915369652
798.9662216487441,480.4835145356186
804.8748526566989,488.5739115753639
810.5128257226984,496.8257824034489
815.8941001350526,505.24773249585667
821.0196831066623,513.8262357882819
825.9045632366065,522.5685854458673
830.5319541500463,531.4211386463592
834.9204805004993,540.413067837438
838.9560855623931,549.5565641686885
842.6051314978776,558.8760341730565
845.8405419755042,568.3209780837592
848.6653009685041,577.916707362246
851.0634685856376,587.6269168549558
853.028141851352,597.4301139683611
854.5577919905145,607.319739413407
855.6487334535746,617.25830929849
856.3038421154023,627.2234828572274
856.5290457532936,637.2384368482572
856.3298147560779,647.2197226150754
855.7146118395028,657.2054953793842
854.693885041821,667.1579997495321
853.2806525437616,677.0549037534078
851.4873138690034,686.889015431782
849.3262685412254,696.6531428254257
846.8139789449056,706.3255229336784
843.9597982612515,715.9138003662492
840.7811291326518,725.3965205897653
837.2917245708239,734.7669863787966
833.5052238740701,744.01856452479
829.4287439315829,753.158487767119
825.0881043902291,762.1524606451654
820.4761985798687,771.034859460081
815.6191465422717,779.771637878913
810.5142455072482,788.3824111084552
805.1891162630666,796.8339596820731
799.6310234829757,805.1575586799114
793.8680362191035,813.3201519961985
787.8939467544784,821.3387133352821
781.7193359392752,829.2045460379705
775.3550037078975,836.9088186158008
768.7920940886095,844.4648880704578
762.0507260674672,851.8509407774465
755.1315494750479,859.0672238928437
748.0348491263563,866.1124246300972
740.7607357444496,872.9835304347274
733.3201631232896,879.6662067087308
725.7138524550146,886.1547295578941
717.9428493853309,892.4412930791138
710.0087456615526,898.5158323237115
701.8915597299408,904.3815088722079
693.6281194596892,909.9982679574417
685.1896295068816,915.3700731229957
676.5937448529394,920.4662696733172
667.8154862578007,925.2781161076414
658.8775312115796,929.7650949728295
649.7834986569882,933.8937965217233
656.6104931125935,932.5192729909858
666.2921513593936,929.9925182131541
675.925582035438,927.3086640289717
685.5143693814691,924.4840056281084
695.0643887927189,921.5239359892337
704.5693154945906,918.4331099698431
714.0328489667187,915.2104529096737
723.4543269309322,911.8543920657343
732.8354098057338,908.3610106808019
742.1609662007475,904.7316101971702
751.4102710839153,900.96958598079
760.6236028341023,897.0521016157479
769.7546940340474,892.991216983974
778.823781986268,888.7696084358536
787.8067658408798,884.3887207153475
796.707204282752,879.8359200459581
805.5183101276502,875.1018338218989
814.2221137703451,870.1818306761021
822.813393229479,865.0627609873715
831.2864458938998,859.7290998083208
839.5993678934065,854.1868455668591
847.7567451892543,848.410069862711
855.7485856263771,842.3777087851231
863.518804556539,836.1018108541564
871.0750690360403,829.5414321619057
878.3584166635856,822.7078023474128
885.3680233489723,815.555201133644
892.0231641753023,808.1143953429366
898.3155185268506,800.3366718542488
904.1802497838682,792.2333002328057
909.5625517312599,783.8068739886212
914.4088550694178,775.0612782471601
918.6621764403997,766.0137837309596
922.2712764483659,756.684539222538
925.1815339952102,747.1350012123959
927.3672029674663,737.3814774991656
928.803567324962,727.4824045950627
926.9784797087907,733.4737663034798
922.9191143599385,742.6062400439947
917.69827349398,751.1218477337954
911.5945154047389,759.0297261308292
904.7956214461743,766.3509975392219
897.4343795892039,773.1234755839865
889.6224753079032,779.3790833211364
881.4693948711362,785.1393122571455
872.9945375728105,790.475108220408
864.3016565682428,795.3900035316369
855.3968804641763,799.9388707412564
#
512.592286957181,321.3665771750852
508.3226313686113,312.9525335121314
499.13013372657144,309.131579577428
489.4081661757099,306.8045289284677
479.5602692676945,305.05946116401697
469.66271823529155,303.6267583204433
459.7328831425533,302.3892901542888
449.8041219871011,301.28865443480834
439.8516388739266,300.28528443215816
429.9453065708205,298.98811556939705
420.4891742161742,295.7747630618778
412.00424449880416,290.5351904325187
404.79103988741525,283.6238060706668
398.93557767003006,275.53527713831375
394.3449255282983,266.6530756830829
390.8990740125787,258.65571691888545
387.56918994098004,268.0919880742447
384.7236592016773,277.6769904731249
382.38056226948487,287.3878400905886
380.5417842691228,297.2170534749853
379.2031777983657,307.12829744003545
378.34665213565467,317.09778104640617
377.94604696151885,327.09223622753956
377.96805723263225,337.0926211306806
378.3760003283772,347.0721725154524
379.52059080123894,357.0114645309448
381.95699559980903,366.69877186590236
385.3179941186309,376.1063261522054
389.33165769145177,385.2784550858095
393.772116693765,394.2284602339773
398.4642226572501,403.05883675214557
403.2282339782714,410.9835994262695
410.4595269348668,404.12541875831505
418.8658586109391,398.7145031420114
427.624848723731,393.9023197792908
436.5652942785992,389.428914728173
445.6193089762102,385.1785441199226
454.7340830719298,381.09316776179753
463.91709148983193,377.11275928431843
473.1285142236794,373.19669973533723
482.2777733300747,369.17365171607304
490.31702391815185,363.2433226737976
497.4671423444843,356.2698731204491
503.5866479411331,348.37639115274715
508.37255447303187,339.61107158080927
511.47478841746795,330.11383917714113
#
193.3109515736522,158.46569495734295
188.89242434347213,155.16687787594935
186.11143016624993,145.56192494733367
184.09974472639055,135.77349506450352
182.75099749608347,125.86867103714951
182.10234907911996,115.89127243906727
180.03239588314761,109.70645676894677
172.6332940864563,116.39991022491458
166.61674114902036,124.37328843048404
161.7130133795734,133.0779044862194
157.49614189624785,142.14349733829502
156.03067571705577,141.2338790982962
151.61954239724577,145.27427031867956
146.89416028250008,154.038979298234
143.33563334321974,163.36449920701983
141.55896401773393,161.59987017160788
137.48544822865742,170.72711988782345
133.89740502026487,180.06068145774614
130.7285530656576,189.54408204444405
127.92904660935696,199.13388159425853
125.4548491911089,208.82326966168753
123.28073079033007,218.58651230760591
121.38965712577964,228.40854932852397
119.77477648640235,238.28635551279586
118.4509431850463,248.19369181522092
117.46934473479723,258.13897425914536
117.1146285692453,268.1386979170526
123.03834122085568,264.50946035015585
130.2438496746091,257.5756144765537
137.7295914320968,250.93981903186085
145.47907922555981,244.61551345860178
153.47410633880554,238.61530498962802
161.69980850699076,232.94789867887064
170.1637203870201,227.60839797045935
178.83712697831922,222.61742074704236
187.6948679735064,217.99266858723576
196.75027278771634,213.73667833328082
205.96889262200983,209.8849249970682
215.3726373167634,206.46948912064173
224.9485766782239,203.61720841802958
219.35839749661736,197.46467802293603
212.72497602429925,189.97541424453001
206.77774471548852,181.95040028436483
201.38971794202172,173.52084644715652
196.50833220809602,164.80595621229264
#
384.83761655048545,722.0972745325154
375.66880669838264,718.1294073810172
366.53388548518063,714.045857956284
357.4719162840176,709.8289898728907
348.4871245861596,705.445679813244
339.59544878723517,700.86691359733
330.8128770097134,696.0615985268493
322.1935811574113,691.0184193818657
313.73049760338426,685.6883509086288
305.4686337191435,680.0488944852478
297.45410681066073,674.0770436562685
289.72346044034185,667.7400588166696
282.32675959796745,661.0123584526087
275.3156120694432,653.86765130639
268.7783920465745,646.3223641867005
262.744603307365,638.3331229649134
257.3080853138067,629.9482539637802
252.51687479503173,621.1805473838865
248.41009008216858,612.0488442134857
245.03914230554386,602.6489867474274
242.40387228851483,593.008728835587
240.5006703871002,583.1912595908962
239.30930182099343,573.2697324082851
238.79183107132098,563.2763995472909
238.9058653861668,553.2690781519383
239.56813903719717,543.3013298055994
240.79124607869218,533.3848447220093
242.6562599592041,523.5628627605117
245.25300299354862,513.9023970393986
248.67032051229475,504.50840776872633
253.00050844030622,495.48742466073463
258.28904129864395,487.02149445842986
264.56751816468756,479.25313973818584
271.7975721699023,472.34534482848534
279.85206821107744,466.4436560809303
288.600891833166,461.59868677714474
297.8484412442675,457.82865238843937
307.45976452418876,455.0772894742496
317.306166049988,453.274499931152
327.2574334082754,452.346549357394
337.2479595723152,452.22378012609477
347.2256369151175,452.874152217461
354.91145963917853,454.52276521647633
346.49057025600894,459.85754079152673
339.44953964912884,466.9319720310569
334.8763156214441,475.7575967593244
332.35608851788066,485.42148827931135
331.54271621815354,495.37347000679546
332.6752554471446,505.2834651143262
335.75387191688264,514.7997118050828
340.5129486256772,523.5823784918142
346.57237050458235,531.5034231585342
352.55660834615105,539.4867634851931
355.5696134124609,548.95951629505
355.5530879523741,558.9466514678278
353.7568633804712,568.7637706412575
351.2625654258075,578.4554091439998
348.7603940714341,588.145489421088
346.72989686195024,597.9279656630508
345.53885493353283,607.8528790540095
345.47331099700926,617.8372714576722
346.69589311682313,627.7579995432078
349.2207901880953,637.4332886777865
352.9291356896664,646.7140164292941
357.6376973305794,655.5271904165404
363.16077342510727,663.864143345218
369.3199193699264,671.7290416542301
376.0027203580129,679.1862500069187
383.07296584065307,686.2430769844786
390.4729412859083,692.965085954633
398.1392866091776,699.3869010647251
406.0253262975987,705.5416339826195
414.0841774652508,711.4505177288102
422.299920831975,717.1480879365661
430.64909100308563,722.6549188477459
439.10671427908716,727.985168985739
445.94949218749997,733.0681796874999
435.9693816825412,732.7338001771458
426.0171241006049,731.6518634432362
416.13899565357855,730.1962037865748
406.31493961051103,728.3629894221724
396.5802531580206,726.0511086497688
387.0470023418255,722.9975563173555
#
360.0830531917292,659.5031504697697
369.5982543950812,662.5386870191269
379.2721789926176,665.0930155919372
389.0475083426896,667.1694620648179
398.9137465119104,668.7797642208609
408.84124999209644,669.9267965922415
418.81743022821126,670.6108648655717
428.82612553200124,670.8253874407676
438.8092587148569,670.5588330080934
448.79293361348505,669.7908947604195
458.7019265904398,668.4973691999801
468.5349462285047,666.636287449902
478.2185901298674,664.1614642863685
487.70168324240586,661.003123628032
496.8929330896176,657.0727676135857
505.6837187834395,652.3300960441135
514.3332512454647,647.2978151748143
522.9872134117553,642.2704491273681
531.7260181038607,637.410660940425
540.6446392130852,632.8960023479463
549.8372846658701,629.0014093829693
559.439741834023,626.2238896422723
569.3874890355065,625.675020377134
566.1596829990522,623.8833849933148
556.6415815518908,620.7834138593042
546.939415126146,618.4170408294463
537.0433877841951,616.9304905968609
527.0699735662192,616.3856246291699
517.0828503855529,616.1925450592244
507.1045158303434,616.915399794225
497.3470059383936,619.0017293990336
487.7399202433983,621.7277719562735
479.7768552874327,622.0061079541447
484.660548840545,619.2956046874748
474.7177570737525,620.416027771108
464.7870229078307,621.523428486161
454.80648738936884,622.2119869354318
444.81172355224265,622.5390345342843
434.81712488623793,622.4384668163349
424.82572151432913,621.9230698243921
414.87838948268626,621.0090260942392
404.96429840697346,619.7097857323839
395.0940355635309,618.0397046471285
385.2982499777899,616.0178204192664
375.5778668136866,613.6584054439585
365.95572186705095,610.9807797370868
356.4153207628254,607.9928386241387
346.9678686995888,604.7085965794653
337.62431447569605,601.14166995195
328.3888394344004,597.3021497993197
319.27112267993135,593.2007715778889
310.2699285525299,588.8409445886846
301.39245350873205,584.2259801548257
292.6565455891571,579.3592980310432
284.0775696735586,574.2322453576905
275.6784089246838,568.8085165525126
270.7226409021714,570.8177401673487
271.8269089868244,580.7135052130891
275.25427749785644,590.1035518220374
280.0487535027133,598.8577639582252
285.77561647483356,607.0599395097215
292.1839128121593,614.7385627290738
299.1266391113371,621.9207827096294
306.529957963998,628.6397480494853
314.32694804386756,634.89326725673
322.48903787736083,640.6866160045738
330.9651843639196,645.9929600049184
339.72839492740866,650.7933978501343
348.76551042428355,655.0671448350431
358.05450736964406,658.7808914623632
#
848.7427681220132,803.6413184355296
855.8090769285959,796.5891133642814
862.7713033676214,789.4061513799625
869.6100976416094,782.1056056232969
876.3203232956143,774.6866159140728
882.896751491054,767.1483336892177
889.3340598537352,759.4899223420681
895.618894116541,751.7205640314243
901.7541665596375,743.8296234726619
907.7417248169819,735.8061124758655
913.5535367015425,727.6798123265003
919.2061434984561,719.4193836458849
924.6728493415291,711.0551801649731
929.9556549797196,702.5764479869877
935.0554362777452,693.9720849543139
939.9601539488123,685.2521057744266
944.6587681173164,676.4268974803579
949.1519156461155,667.4853981608069
953.4239337972131,658.449195449288
957.4756227381911,649.3073389893348
961.3021251563338,640.0597102081971
964.8901943550586,630.7287191167721
968.2405081404681,621.3034424565923
971.341821046221,611.8069088305166
974.1983372450301,602.2167764122219
976.7970173468759,592.5680204971541
979.1390947978446,582.8498994693117
981.219895853528,573.0748624583549
983.0400529487732,563.2319974893475
984.5938218471324,553.3458344815183
985.8780050219216,543.4415352899913
986.8962787516373,533.4965576728184
987.6482978651061,523.5120335263821
988.132026844191,513.5380079272869
988.3514881857254,503.52726395839204
988.3073124575712,493.53040356221754
988.0026526825986,483.5369196993733
987.4411454130059,473.5610270803581
986.6253937988281,463.59200830078123
985.5597786960024,453.6441534281175
984.2500260276693,443.7319914587738
983.6861913221028,441.43119486479276
984.2379699320359,451.427685474742
984.3801699756333,461.408120456988
984.1712926163902,471.42096737630675
983.6332912890514,481.39546891751996
982.7734091938436,491.36082858884333
981.5954696113133,501.2888620352596
980.0991351919356,511.16924917206376
978.2785291745087,521.0079416104381
976.1319461792518,530.7770168454051
973.6526250686507,540.4715907683092
970.8427821207447,550.0523652531854
967.6861289609142,559.5432626138023
964.1822736859219,568.9122508052806
960.331396120189,578.1330280660975
959.6571001915369,576.8894231493163
961.6414884151324,567.0920072200454
963.4029369549022,557.2497347374575
964.9348351522183,547.3784224954776
966.2352358244141,537.4646301111801
967.2994312616185,527.5068606824168
968.11925348123,517.5461951944795
968.6929297616658,507.5653369457519
969.0161263639525,497.57497857908305
969.0852213606421,487.57011628991876
968.8967488079555,477.5754010801976
968.447759760707,467.58462941826525
967.7356578544369,457.6062668009386
966.7602415466192,447.6642323942334
965.517069385949,437.7347417490581
964.0093753271276,427.85693411207393
962.2320810085087,418.00582469533146
960.1913790197436,408.22034899402183
957.8855076241396,398.4907973019668
955.3158922494417,388.82321202589435
952.4895710747317,379.23986108814955
949.404847597717,369.72978801194097
946.0645963014972,360.2981173521763
942.4788092211161,350.9664132203104
938.6456065513,341.7226227059393
934.5768918896654,332.5878436596773
930.2869677714502,323.55589717836324
925.8059794679305,314.61773936745647
921.1387530997397,305.77898695950677
916.2781265971674,297.02588425047486
911.2463796036117,288.3966210488501
906.025534961494,279.858208712142
900.6336628792527,271.43850416624605
895.0654700482564,263.1265031163033
889.3349415722411,254.93998148466298
883.4316791984852,246.86109436839976
877.3715565357221,238.90858421569789
871.1588610205422,231.08389403731866
864.7793420461226,223.3661411422815
858.2593980391634,215.78386704122144
851.6009727644829,208.33440356931754
844.7947951263897,201.00339064097764
837.8603253591294,193.80755600747034
830.7937860208694,186.7381402840615
823.5954248817726,179.790999581868
816.2831598947496,172.97821649422497
808.8432897783459,166.28157682689735
801.3080295152613,159.7235601881472
793.6597873570552,153.28112155997306
785.8996088122275,146.94694999327444
778.0740081235564,140.74687365024408
770.1563333834249,134.6430656396927
762.1660112636928,128.62648510975856
754.1214919656732,122.66967509879137
746.07246452021,116.7262616604383
738.1350069095146,110.66074043314596
730.3675232351795,104.36083545733996
722.7971383175844,97.83576416600907
715.426590952632,91.07350058086949
708.2768698180032,84.07477784773764
701.3818625571686,76.85075189119696
694.7420828303482,69.37059236266941
688.4021085980936,61.63752492217188
682.4063812055484,53.63326927194466
676.8306721934938,45.3282927442399
671.8331937374501,36.666480995691366
667.962929446971,27.47106040637102
664.2304207728764,32.347254498939215
660.175115234375,41.472498046874996
656.364787506006,50.71760199916012
652.803140133652,60.07067650537313
649.4982928205354,69.51724231690577
646.4627721109753,79.0346339653475
643.6950790688612,88.65199972948042
641.2154016877728,98.33367326076309
639.0329558207087,108.08534226675981
637.1585992960353,117.91920688377964
635.6139116775358,127.79702442600157
634.4129050269867,137.72157106087928
633.5725559526124,147.6868724644135
633.1113568612874,157.67503171542654
633.0471935614947,167.67189217644466
633.397995963855,177.66648361646605
634.1804964689028,187.63218213764836
635.411887341555,197.56253767694693
637.1035688796237,207.4160417727116
639.2658539503357,217.1709851118205
641.9126120042281,226.82580132838677
645.033377674682,236.30618771902886
648.6416593622214,245.63224215443438
652.7311671830133,254.76998620072817
657.2794256934891,263.6690774377578
662.2847436440551,272.3338950397366
667.6461873395215,280.75846890873436
673.306746805851,289.00061903720217
679.2550950517054,297.0461294796563
685.4774166241278,304.88583414774945
691.9455039939327,312.5016982160449
698.6523886625782,319.9086665575485
705.5901546542095,327.1236472861043
712.7116236507314,334.1289007190476
720.0180227583578,340.9608214461022
727.4712675242966,347.62119805287995
735.0578767909515,354.13811314451135
742.7504839184259,360.5296349018938
750.534366058889,366.82632728968764
758.3673085704082,373.0380341771711
766.2336773230163,379.1970322568789
774.1314849815581,385.3462195346101
782.0177940122405,391.4966785380402
789.8769997276988,397.68054057469755
797.6801227231034,403.9186696266624
805.4255983756477,410.2530350966766
813.0717244501831,416.69177633544246
820.6044720037622,423.2636053953331
828.010278647745,429.99627244373414
835.2503806356679,436.891521036419
842.3134204187736,443.97238902512356
849.1763877490569,451.24690301139026
855.8180156247486,458.71938825262737
862.2189676131967,466.3900851049541
868.373554094718,474.2701145155453
874.2639160905682,482.3640731569072
879.8361295664973,490.6656892780178
885.077212317643,499.18443675271027
889.9602703273823,507.9003312294807
894.4765511810838,516.8212842710134
898.6093976470077,525.9398499639035
902.3274166317364,535.2044301702343
905.637627250748,544.6488033164028
908.5161752895407,554.219539301874
910.9624348876048,563.9196744254597
912.9695387693952,573.7226845004684
914.5331757479871,583.5873233372986
915.6609720393905,593.5278485007134
916.3546016041727,603.5014881981868
916.6224927545937,613.4928037813597
916.4742862602241,623.498851001979
915.922265760668,633.4752260963046
914.9786877582134,643.4302223649146
913.6577062699309,653.343772192751
911.9756053062267,663.1946261912133
909.9453527415933,672.9848190761999
907.5793704991381,682.7126938223262
904.8972382554406,692.349129635421
901.9145345400558,701.8855515513214
898.640641079495,711.3299621413212
895.0861537212731,720.6811245403997
891.264999918124,729.9270450981646
887.1881051034866,739.0621406510568
882.8658598504483,748.0796097238856
878.3042994138057,756.978278694467
873.5144826971986,765.743080138053
868.4888884693172,774.3864476644876
863.2322933847692,782.8881112249417
857.726643258505,791.2471198814103
851.9549730449014,799.4145361410848
#
833.8106672721284,537.544115261288
829.3444313468225,528.6138307527726
824.631241797036,519.7877056914399
819.6777484001949,511.10655032066995
814.4670128957642,502.5650848113301
809.0038533299128,494.19193459547597
803.2797199199175,485.98945222977494
797.3016850637034,477.9776807975657
791.0707958014457,470.16105381197474
784.589341727724,462.53936606155366
777.8842180595515,455.13229644563376
770.9532894510396,447.91763703761933
763.8270548371956,440.8996834823895
756.5301212296212,434.06601282138763
749.0728107023077,427.3828994729766
741.5145,420.852359375
733.8522221444961,414.4146059518369
726.1475817404992,408.05949419782814
718.3991804098498,401.7199634811825
710.6695441812598,395.37870920002206
713.4170055909157,400.47064400810007
718.8061136220748,408.8650354032886
725.4056997319703,416.38774481220406
731.624716014658,424.20825056069407
737.5036977087135,432.2974868436047
743.047569555639,440.61302204165065
748.2709216942386,449.14528891051606
753.166020719934,457.8615573920809
757.7344705297337,466.7513007674726
761.9763288284703,475.80887318362596
765.882182909568,485.01290876864795
769.4460202272094,494.3501375883232
772.6689962256119,503.8308409928404
775.5321912830572,513.4067908378253
778.0350490837247,523.0813487141027
780.1760611652414,532.8635320812882
781.9401379050332,542.6943958861268
783.3312860460899,552.6060940855618
784.340138282681,562.5414674257286
784.968566253119,572.5191675050046
785.2145533486505,582.5221551746931
785.0785996264385,592.5139263384534
784.562498891986,602.508963505223
783.671759165883,612.461708687559
782.4090812325344,622.3892420706961
780.7855098869994,632.2465103229829
778.8017371956283,642.0639112252095
776.4756102839158,651.786222575102
773.8134529067239,661.4238866876469
770.8298196753021,670.9564554658082
767.5081819121357,680.3850276064543
763.8217028890584,689.690258553345
759.7604841565741,698.8350121555334
755.3166517251254,707.7842189385591
750.4647456220524,716.5386455945885
745.2134799019336,725.0384551388147
739.544344673461,733.27665502978
733.4608868705643,741.2150772134289
726.9701151309163,748.8198972494928
720.0824492880322,756.0616884348465
712.8116312782843,762.9154351954645
705.1612578319507,769.3711528601839
697.1775695326328,775.3903991106591
688.8846496998008,780.9636328654371
680.294530722022,786.0934664995102
671.4498275517834,790.7684290214451
662.3965016492486,794.9838581604203
653.1369497289622,798.7590615205547
643.7041445281357,802.1003264764947
634.1481866945855,805.0125265202382
624.4725787051055,807.5174126824495
614.6962637360575,809.6308638532291
604.8381849638034,811.3687589226773
594.93372516644,812.7449867703924
584.9855016405287,813.7785257216703
575.0123637845013,814.485176058388
565.0331609967898,814.8807380624221
555.0337834356062,814.9808710685938
545.0334903392235,814.7986690570419
535.0356100494685,814.3465825239476
525.0605631374744,813.6371162546342
515.1133432156014,812.6815079974554
505.1845289041261,811.4879680918644
495.2829679505538,810.0651261426758
485.4198559911595,808.421350337069
475.59417263430424,806.5620305341029
465.8095371531768,804.491869290983
456.0751403330762,802.2154784387774
446.3930192537308,799.7343471942022
436.74851966990025,797.0428678858027
427.18131793034377,794.1480424423657
417.683131909903,791.0403060946161
408.25176802049566,787.7056652426445
398.9063523630213,784.1292590518786
389.6890182276815,780.2933252593333
380.59677625094355,776.1365247620772
371.6961989521142,771.5696102788078
363.13972103631704,766.3759277037714
358.37477743715846,765.7267748448628
360.0037346087342,775.5991923165316
362.42025938440656,785.2901155804761
365.6140075697544,794.7722772842186
369.54408133373386,803.9652767444377
374.1662367690756,812.8285881479609
379.42657095760944,821.3262194029555
385.27012481006847,829.436624065007
391.6455662967591,837.1509325368477
398.48274410651464,844.4444202440785
405.7436154474517,851.3314492022803
413.3546537546789,857.7928459957271
421.3014193047047,863.8607252127293
429.5449452912502,869.5408959509382
438.02506899049456,874.8257765179281
446.728046875,879.73718359375
455.6456136011501,884.2939447684548
464.7231100743234,888.4893655785053
473.94388306401777,892.3359399418266
483.30767720665074,895.8495169135826
492.7905124574413,899.0340828828439
502.3694943850126,901.8938219230206
512.0370397606982,904.4366117687479
521.787453948563,906.6687906715824
531.5873547178553,908.5898500518671
541.4626806983978,910.2099700134747
551.3820612769375,911.5271644699152
561.3291326917998,912.5426358025227
571.3032478598903,913.258562702367
581.2893328093212,913.6750166473681
591.2880171857962,913.7921084978536
601.285102749963,913.608701934626
611.2820065961423,913.1227427451751
621.2343076669436,912.3347088071365
631.1745611411318,911.2392788528964
641.089277718439,909.8326740854485
650.9345614261617,908.116917568641
660.7276946829844,906.0844046834396
670.4403119822955,903.7352835576626
680.0743139079163,901.0629270840884
689.6163976449427,898.0636087063997
699.05326037847,894.7336018682788
708.3572508518573,891.0751220435244
717.5298437004359,887.0795540936185
726.5299983021674,882.757187108229
735.3732931674083,878.0924614149965
743.8205271978397,872.7885755011495
750.9560322585576,865.7987592595869
757.9198506714614,858.6243070080054
764.7145287314017,851.2663202495072
771.3138332481924,843.7566123763155
777.7214880963909,836.0940708888812
783.9544069404656,828.2575521919664
789.9741507526093,820.2941071254992
795.810230908999,812.1616400299698
801.4379190119344,803.8882237926423
806.8464843666818,795.484106671951
812.0370693789191,786.939764814299
816.998106429635,778.2640041339287
821.7286813905703,769.4453243231851
826.2059602319049,760.5119202813268
830.4281267826785,751.4515539365042
834.3910390626293,742.2508297261622
838.0638257957361,732.9592289022605
841.4503223898813,723.5421037607617
844.5289155923433,714.0281927468754
847.2866838358725,704.4251934842323
849.7158247516585,694.7187067713237
851.7966905184733,684.9382092822952
853.5162712670899,675.091451243947
854.8615571282813,665.1861828830783
855.8195382328206,655.2301544264893
856.3764028041032,645.253832472561
856.5218446097149,635.2423931082851
856.2451893012294,625.2492155860207
855.5395378300232,615.2822134745363
854.3983116681088,605.3490920339802
852.8194378443891,595.4802475776391
850.8001693811567,585.6829308596889
848.3445330292163,575.9869439385883
845.4613857209358,566.4216068300752
842.14747026442,556.9701253149666
838.4294576936061,547.6948814717125
834.3134530487159,538.5892650304195
#
