107.1965040649414,87.59416806274415
110.08523762341179,90.05066663561256
111.60610532451629,93.75394388839722
112.87951263894982,97.54475304648717
113.03056017628431,101.12559552113534
109.67267201528936,103.28493374364258
106.22711850219727,105.32574185058596
102.5275126720214,106.82405962712231
98.83737238005853,108.35363643892202
95.07043928834676,109.7198706921381
92.6529497443568,107.54636660721192
91.78339626320994,103.65402544741234
90.80692283954907,99.77048955151893
#
66.22662784255506,93.35981236364458
68.65033601437528,96.49759839738257
70.69170572470162,99.91579889512218
72.67515968949365,103.38832547153758
74.65806598504041,106.87307558018172
77.16444687702258,107.31689120938968
79.97752164786432,104.46723668672438
82.77530776657113,101.62650227950178
85.61315576618082,98.78734967518227
88.9757560494494,96.97844629272055
92.91621031161067,96.39441113444178
96.85682445078544,95.69860599057631
100.65602757996632,94.4144394252113
104.37069151126326,92.95390515078898
107.72000633426666,90.8138067478752
#
98.56298112978007,131.87270431736232
97.8783831628289,127.94784349206702
97.41548581559918,123.96879532736897
97.5167642762009,119.98070763828441
98.10321195242118,116.03265696664812
99.5152991620812,112.28965835296538
101.59837579589843,108.87589661132813
104.60903735138014,106.32849464671395
108.24003957191466,104.63297564037322
112.16476539573621,104.01828015923253
116.09329182387052,104.42495656818151
119.79052596788353,105.9188296272865
122.92206955768134,108.39056277570685
125.8229238152717,111.1568573855559
128.50209565757748,114.10398433582306
129.95155819106412,117.81529504604839
131.29940150625347,121.59688401939809
#
132.5021675836443,126.18774483409139
128.63103214756012,125.27844167582035
124.64995127045215,125.02632481364526
120.64563957810404,125.19604524933561
116.6722579260382,125.65292422998391
112.7564167544758,126.4496036145024
108.93373814306977,127.58937518897221
105.21344771234553,129.07133976130808
101.63804466262314,130.87747463180997
#
102.93824736816407,131.05240675476077
#
129.45394618591308,126.19486627563475
130.37118526428225,130.0931191442871
#
71.99492645263672,90.16145358496095
68.15187965333462,91.2594669561901
64.724056199193,92.82226890118176
63.18781585432589,96.50924449987055
61.644112234935164,100.2141319514454
60.104432106018066,103.90936302910232
63.6469279974699,103.43061440050602
#
52.002174377441406,132.15855041503906
55.12790113687515,129.79317745452437
56.48324320616666,126.02925849041117
57.890916992910206,122.2797957338223
59.348933696746826,118.55200647348164
60.8642151998356,114.85389253120462
62.45567156467587,111.18641229719863
64.15415335657599,107.56286515437556
66.01556171488483,104.0312306391186
68.23417384177446,100.69089202244612
#
63.297501219078065,107.16292205810547
59.85130491445641,109.17218859292566
56.64287692278283,111.5715969222039
53.83192584761376,114.39271046392619
51.69463050365448,117.77449033021927
50.02882473170757,121.413268904984
49.98832714557648,125.14828095197677
53.61022359132767,126.76918015241623
#
50.00168217956543,131.7881725248718
51.64960808691978,128.14639509542226
#
71.00217056274414,97.7642085300026
72.88672631978989,94.27871097816842
73.03351956605911,90.31783225642378
#
106.99927520751953,90.15417132788087
106.59614418447018,86.18554406129503
106.29732547700405,82.19396935664798
106.09679282270372,78.19346433859998
106.0043491164688,74.19664221413647
#
104.00218200683594,71.16217074804689
107.5199798643589,72.84327046089554
110.60006302595139,70.4746083419838
112.26195758581161,66.90357319527054
111.231483565979,63.08839454679107
108.59146498310565,60.23830061438763
105.04402553424896,61.51902937924945
#
104.00164622604369,67.15736565100862
107.0603346203804,64.7510698432417
#
107.4510141824341,68.1570743125
#
102.00512570152932,58.15341370978987
104.44274578511249,54.99283310265326
106.84904010873288,51.80273986310659
108.97476069975853,49.471522367003914
108.50990202693626,53.44076408217343
108.2162297832966,57.4382402325883
110.88072261109821,56.16215746366167
113.88977882350795,53.50179772340441
115.8154296875,53.49566723291015
115.06733748689294,57.42394499756141
114.26558455824852,61.34267149577113
#
109.00145721435547,59.75996018237973
110.51414386928082,56.05321097208363
112.02445697784424,52.35227799681151
113.53761208057404,48.64438088286759
115.04297983646393,44.95556620192798
116.5584899187088,41.241898349920525
117.62796074151993,37.40612457209015
118.09242937539238,33.43254846060397
118.03641014441382,29.441593589780197
117.34079432766885,25.51432538107717
115.85113522130996,21.811059375114084
113.48243134003133,18.597724376299695
110.39316860586405,16.058341801918388
106.90750569105148,14.126739675930978
103.18346563819796,12.657050133270488
99.34158736467361,11.55969264619732
95.42352372407913,10.766427184275628
91.44606703519821,10.253467137745858
87.46666199713945,10.352888989082814
83.59469099063426,11.341089300631822
79.9825753280893,13.050133000879825
76.74016536027193,15.38163032085383
74.09982281178236,18.37547551170671
72.20159211009741,21.881780304766536
70.81861490011215,25.637566829852105
69.03495186567307,29.14170690887356
65.9777125795499,31.678496028363227
65.22296368632888,35.50883078044796
#
87.00292587280273,10.154934267116547
89.53372192382812,7.0906984441223155
92.84325298573822,4.874214609537347
96.74230688717216,4.0627834752132665
100.6693029794842,4.751561739040273
104.17932970635593,6.6129687256226894
106.64825588278472,9.72561401946406
108.04435019823723,13.460504313256006
108.79225313849747,17.381734600230914
#
97.00436782836914,11.155662874294281
100.1388144493103,8.706715789234256
103.77311592269689,7.039371962561886
107.70593899488449,7.051867165647996
111.35617591104082,8.66981495936419
114.31434886297745,11.31650511919475
115.65131796740343,15.056407038257852
115.75310346199532,19.047097715140463
115.22689764294594,23.01193158558203
#
66.99487362939453,51.155804469722746
64.45506537942505,48.08976911103392
63.116103169855535,44.35282647348472
63.4933194109534,40.40582622536671
65.41862768629193,36.92501188275302
68.59045069769788,34.55362784533465
72.4783639859016,33.741159259911896
76.4220761886687,34.34266167565833
79.9967885805944,36.11498417658286
82.82033879287168,38.8990215158944
#
81.00076293945312,45.152756075195306
82.12798225134611,41.336628577492476
84.3882737159729,38.05241833143616
87.70591244846582,35.90345953293824
91.62347587198019,35.16479820647025
95.58677688683383,35.60424013336403
99.1815552264452,37.31463262700224
101.88089549355209,40.23564974945718
103.48995985090733,43.870433809987546
103.97440919702407,47.82318198100561
102.96341743544816,51.676246149951936
100.60951712809533,54.886854712028025
97.20194023617904,56.9114534002629
93.29997267842298,57.71265703586896
89.36528764288735,57.10910766422031
85.9136484757111,55.1081907756282
83.20222086377701,52.19686034896647
81.3519169043541,48.65376731939698
#
81.99736696109771,51.15992559463119
78.06652767628617,50.474848547162765
74.34138816986977,49.039152542097206
70.46040796778746,48.63428382063661
67.48947088099003,51.166323767283444
67.16792962737632,55.058441499999994
69.96972583944722,57.76547275
73.71162446555613,59.142425875
77.63965115065118,59.85595056561762
81.64074064759863,59.95814310149336
85.6455881914671,59.96372957548803
89.57734808573818,60.59096594092941
93.18108766821793,62.32393365470384
96.51765416061099,64.50498619896864
99.19052259105976,67.4538066276485
100.85895633854187,71.08476360424906
101.73840314408255,74.97181224057722
102.04880128800869,78.96250010543251
101.25260451994836,82.85867734142327
99.22208155691624,86.30127878003502
96.32816473208368,89.0406839389422
92.93000507354736,91.14420924597168
89.26482038758695,92.72396187373185
85.40166486799717,93.69370492064142
81.39409859478474,93.74214105569506
77.4926191419363,92.91330743097448
74.23976895213127,90.66427932941102
72.11284828186035,87.28170953207398
68.58999997620391,85.64802817218781
69.01453573433685,82.05106774349977
#
71.0029296875,82.16145358496095
74.8100700378418,83.34941062965179
78.770263671875,83.9609244864502
82.7551679611206,84.15937745692888
86.73654990643263,83.92467415594244
90.64764482807368,83.07081553508276
94.28999710083008,81.44861255102539
97.25166893005371,78.7779797118225
97.96524930000305,75.09010348730469
95.42097878456116,72.26991305761719
91.46398924102728,72.55664375190372
87.69320794488209,73.89355982068355
83.78599554893881,74.58739991167388
79.78713051091083,74.83423883674881
75.79860058122202,75.03337450645043
71.78453159677125,75.1583203106079
67.80830006919506,74.88862228463127
63.859516783146155,74.2682702056214
60.004159624901725,73.16237481872253
56.575576790201694,71.16617373717898
55.2090140040182,67.61398715031832
57.27482461929321,64.30223784857178
59.207340240478516,60.818596224121094
62.30892973393202,58.34547076635742
65.892578125,56.581879
#
69.00144958496094,75.1650775473633
70.09946295619011,79.00812434666537
#
72.0021743774414,75.16580233984376
73.40337981283665,78.9023501675644
74.81233656406403,82.65956817083739
#
81.00144958496094,75.16652713232423
81.86559697985649,79.05519040935421
82.73441544175148,82.96487348788166
#
91.00144958496094,72.1672519248047
91.7847127020359,76.08356751017952
92.56849209591746,80.00246447958732
#
