(1,(13,21))
(1,(8,21))
(1,(4,19))
(1,(2,19))
(1,(4,17))
(1,(2,16))
(1,(1,13))
(1,(2,13))
(1,(1,11))
(1,(5,13))
(1,(7,15))
(1,(9,19))
(1,(9,15))
(1,(8,13))
(1,(7,9))
(1,(8,7))
(1,(7,6))
(1,(6,6))
(1,(5,7))
(1,(4,7))
(1,(3,6))
(1,(7,2))
(1,(9,2))
(1,(10,3))
(1,(10,4))
(1,(9,5))
(1,(8,5))
(1,(9,6))
(1,(10,6))
(1,(11,5))
(1,(14,5))
(1,(14,4))
(1,(13,3))
(1,(13,2))
(1,(17,2))
(1,(20,3))
(1,(20,5))
(1,(19,6))
(1,(18,6))
(1,(17,5))
(1,(16,5))
(1,(16,6))
(1,(17,8))
(1,(19,11))
(1,(19,12))
(1,(18,15))
(1,(17,17))
(1,(13,21))
(1,(14,22))
(1,(16,21))
(1,(17,21))
(1,(20,22))
(1,(21,23))
(1,(22,25))
(1,(21,27))
(1,(20,28))
(1,(18,28))
(1,(16,27))
(1,(14,27))
(1,(14,28))
(1,(13,30))
(1,(12,31))
(1,(10,32))
(1,(8,32))
(1,(6,31))
(1,(5,30))
(1,(4,28))
(1,(4,26))
(1,(5,24))
(1,(6,23))
(1,(8,22))
(1,(11,22))
(1,(11,25))
(1,(12,26))
(1,(12,27))
(1,(13,28))
(1,(14,28))
(0,(9,29))
(1,(10,28))
(1,(11,26))
(1,(9,25))
(1,(8,25))
(1,(7,26))
(1,(7,28))
(1,(8,29))
(1,(9,29))
(0,(9,19))
(1,(14,20))
(0,(10,21))
(1,(11,22))
(0,(14,27))
(1,(12,25))
