(1,(40,16))
(1,(48,0))
(1,(0,0))
(1,(8,16))
(1,(32,16))
(1,(32,64))
(1,(8,64))
(1,(32,128))
(1,(168,128))
(1,(192,64))
(1,(168,64))
(1,(168,56))
(1,(128,56))
(1,(112,48))
(1,(96,64))
(1,(80,64))
(1,(72,56))
(1,(72,40))
(1,(48,24))
(1,(48,8))
(1,(56,0))
(1,(72,0))
(1,(88,16))
(1,(88,32))
(1,(96,40))
(1,(88,48))
(1,(112,48))
(1,(200,32))
(1,(120,16))
(1,(112,8))
(1,(88,8))
(1,(80,0))
(1,(136,0))
(1,(136,8))
(1,(128,16))
(1,(160,32))
(1,(160,24))
(1,(176,8))
(1,(160,8))
(1,(152,16))
(1,(144,8))
(1,(144,0))
(1,(192,0))
(1,(200,8))
(1,(200,32))
(1,(184,48))
(1,(168,56))
(1,(88,16))
(1,(96,8))
(1,(72,40))
(1,(80,40))
(1,(32,16))
