(1,(4,4))
(1,(5,4))
(1,(6,2))
(1,(0,2))
(1,(1,4))
(1,(4,4))
(1,(4,10))
(1,(1,10))
(1,(4,18))
(1,(21,18))
(1,(24,10))
(1,(21,10))
(1,(21,9))
(1,(16,9))
(1,(14,8))
(1,(12,10))
(1,(10,10))
(1,(9,9))
(1,(9,7))
(1,(6,5))
(1,(6,3))
(1,(7,2))
(1,(9,2))
(1,(11,4))
(1,(11,6))
(1,(12,7))
(1,(11,8))
(0,(14,8))
(1,(25,6))
(1,(15,4))
(1,(14,3))
(1,(11,3))
(1,(10,2))
(1,(17,2))
(1,(17,3))
(1,(16,4))
(0,(20,6))
(1,(20,5))
(1,(22,3))
(1,(20,3))
(1,(19,4))
(1,(18,3))
(1,(18,2))
(1,(24,2))
(1,(25,3))
(1,(25,6))
(1,(23,8))
(1,(21,9))
(0,(11,4))
(1,(12,3))
(0,(9,7))
(1,(10,7))
